in/CliffFineRectilinear/consolidated_fine_01.asc
ncols	250
nrows	500
xllcorner	1.000
yllcorner	1.000
cellsize	1.000
NODATA_value	-9999.000
[rows 403 to 433 of 500, columns 71 to 141 of 250]
83.778 83.602 83.425 83.249 83.073 82.896 82.720 82.544 82.367 82.191 82.015 81.838 81.662 81.486 81.309 81.133 80.957 80.780 80.604 80.428 80.251 80.075 79.899 79.722 79.546 79.370 79.193 79.017 78.841 78.664 78.488 78.312 78.135 77.959 77.783 77.606 77.430 77.254 77.077 76.901 76.725 76.549 76.372 76.196 76.020 75.843 75.667 75.491 75.314 75.138 74.962 74.785 74.609 74.433 74.256 74.080 73.904 73.727 73.551 73.375 73.198 73.022 72.846 72.669 72.493 72.317 72.140 71.964 71.788 71.611 71.435
83.778 83.602 83.425 83.249 83.073 82.896 82.720 82.544 82.367 82.191 82.015 81.838 81.662 81.486 81.309 81.133 80.957 80.780 80.604 80.428 80.251 80.075 79.899 79.722 79.546 79.370 79.193 79.017 78.841 78.664 78.488 78.312 78.135 77.959 77.783 77.606 77.430 77.254 77.077 76.901 76.725 76.549 76.372 76.196 76.020 75.843 75.667 75.491 75.314 75.138 74.962 74.785 74.609 74.433 74.256 74.080 73.904 73.727 73.551 73.375 73.198 73.022 72.846 72.669 72.493 72.317 72.140 71.964 71.788 71.611 71.435
83.778 83.602 83.425 83.249 83.073 82.896 82.720 82.544 82.367 82.191 82.015 81.838 81.662 81.486 81.309 81.133 80.957 80.780 80.604 80.428 80.251 80.075 79.899 79.722 79.546 79.370 79.193 79.017 78.841 78.664 78.488 78.312 78.135 77.959 77.783 77.606 77.430 77.254 77.077 76.901 76.725 76.549 76.372 76.196 76.020 75.843 75.667 75.491 75.314 75.138 74.962 74.785 74.609 74.433 74.256 74.080 73.904 73.727 73.551 73.375 73.198 73.022 72.846 72.669 72.493 72.317 72.140 71.964 71.788 71.611 71.435
83.778 83.602 83.425 83.249 83.073 82.896 82.720 82.544 82.367 82.191 82.015 81.838 81.662 81.486 81.309 81.133 80.957 80.780 80.604 80.428 80.251 80.075 79.899 79.722 79.546 79.370 79.193 79.017 78.841 78.664 78.488 78.312 78.135 77.959 77.783 77.606 77.430 77.254 77.077 76.901 76.725 76.549 76.372 76.196 76.020 75.843 75.667 75.491 75.314 75.138 74.962 74.785 74.609 74.433 74.256 74.080 73.904 73.727 73.551 73.375 73.198 73.022 72.846 72.669 72.493 72.317 72.140 71.964 71.788 71.611 71.435
83.778 83.602 83.425 83.249 83.073 82.896 82.720 82.544 82.367 82.191 82.015 81.838 81.662 81.486 81.309 81.133 80.957 80.780 80.604 80.428 80.251 80.075 79.899 79.722 79.546 79.370 79.193 79.017 78.841 78.664 78.488 78.312 78.135 77.959 77.783 77.606 77.430 77.254 77.077 76.901 76.725 76.549 76.372 76.196 76.020 75.843 75.667 75.491 75.314 75.138 74.962 74.785 74.609 74.433 74.256 74.080 73.904 73.727 73.551 73.375 73.198 73.022 72.846 72.669 72.493 72.317 72.140 71.964 71.788 71.611 71.435
83.778 83.602 83.425 83.249 83.073 82.896 82.720 82.544 82.367 82.191 82.015 81.838 81.662 81.486 81.309 81.133 80.957 80.780 80.604 80.428 80.251 80.075 79.899 79.722 79.546 79.370 79.193 79.017 78.841 78.664 78.488 78.312 78.135 77.959 77.783 77.606 77.430 77.254 77.077 76.901 76.725 76.549 76.372 76.196 76.020 75.843 75.667 75.491 75.314 75.138 74.962 74.785 74.609 74.433 74.256 74.080 73.904 73.727 73.551 73.375 73.198 73.022 72.846 72.669 72.493 72.317 72.140 71.964 71.788 71.611 71.435
83.778 83.602 83.425 83.249 83.073 82.896 82.720 82.544 82.367 82.191 82.015 81.838 81.662 81.486 81.309 81.133 80.957 80.780 80.604 80.428 80.251 80.075 79.899 79.722 79.546 79.370 79.193 79.017 78.841 78.664 78.488 78.312 78.135 77.959 77.783 77.606 77.430 77.254 77.077 76.901 76.725 76.549 76.372 76.196 76.020 75.843 75.667 75.491 75.314 75.138 74.962 74.785 74.609 74.433 74.256 74.080 73.904 73.727 73.551 73.375 73.198 73.022 72.846 72.669 72.493 72.317 72.140 71.964 71.788 71.611 71.435
83.778 83.602 83.425 83.249 83.073 82.896 82.720 82.544 82.367 82.191 82.015 81.838 81.662 81.486 81.309 81.133 80.957 80.780 80.604 80.428 80.251 80.075 79.899 79.722 79.546 79.370 79.193 79.017 78.841 78.664 78.488 78.312 78.135 77.959 77.783 77.606 77.430 77.254 77.077 76.901 76.725 76.549 76.372 76.196 76.020 75.843 75.667 75.491 75.314 75.138 74.962 74.785 74.609 74.433 74.256 74.080 73.904 73.727 73.551 73.375 73.198 73.022 72.846 72.669 72.493 72.317 72.140 71.964 71.788 71.611 71.435
83.778 83.602 83.425 83.249 83.073 82.896 82.720 82.544 82.367 82.191 82.015 81.838 81.662 81.486 81.309 81.133 80.957 80.780 80.604 80.428 80.251 80.075 79.899 79.722 79.546 79.370 79.193 79.017 78.841 78.664 78.488 78.312 78.135 77.959 77.783 77.606 77.430 77.254 77.077 76.901 76.725 76.549 76.372 76.196 76.020 75.843 75.667 75.491 75.314 75.138 74.962 74.785 74.609 74.433 74.256 74.080 73.904 73.727 73.551 73.375 73.198 73.022 72.846 72.669 72.493 72.317 72.140 71.964 71.788 71.611 71.435
83.778 83.602 83.425 83.249 83.073 82.896 82.720 82.544 82.367 82.191 82.015 81.838 81.662 81.486 81.309 81.133 80.957 80.780 80.604 80.428 80.251 80.075 79.899 79.722 79.546 79.370 79.193 79.017 78.841 78.664 78.488 78.312 78.135 77.959 77.783 77.606 77.430 77.254 77.077 76.901 76.725 76.549 76.372 76.196 76.020 75.843 75.667 75.491 75.314 75.138 74.962 74.785 74.609 74.433 74.256 74.080 73.904 73.727 73.551 73.375 73.198 73.022 72.846 72.669 72.493 72.317 72.140 71.964 71.788 71.611 71.435
83.778 83.602 83.425 83.249 83.073 82.896 82.720 82.544 82.367 82.191 82.015 81.838 81.662 81.486 81.309 81.133 80.957 80.780 80.604 80.428 80.251 80.075 79.899 79.722 79.546 79.370 79.193 79.017 78.841 78.664 78.488 78.312 78.135 77.959 77.783 77.606 77.430 77.254 77.077 76.901 76.725 76.549 76.372 76.196 76.020 75.843 75.667 75.491 75.314 75.138 74.962 74.785 74.609 74.433 74.256 74.080 73.904 73.727 73.551 73.375 73.198 73.022 72.846 72.669 72.493 72.317 72.140 71.964 71.788 71.611 71.435
83.778 83.602 83.425 83.249 83.073 82.896 82.720 82.544 82.367 82.191 82.015 81.838 81.662 81.486 81.309 81.133 80.957 80.780 80.604 80.428 80.251 80.075 79.899 79.722 79.546 79.370 79.193 79.017 78.841 78.664 78.488 78.312 78.135 77.959 77.783 77.606 77.430 77.254 77.077 76.901 76.725 76.549 76.372 76.196 76.020 75.843 75.667 75.491 75.314 75.138 74.962 74.785 74.609 74.433 74.256 74.080 73.904 73.727 73.551 73.375 73.198 73.022 72.846 72.669 72.493 72.317 72.140 71.964 71.788 71.611 71.435
83.778 83.602 83.425 83.249 83.073 82.896 82.720 82.544 82.367 82.191 82.015 81.838 81.662 81.486 81.309 81.133 80.957 80.780 80.604 80.428 80.251 80.075 79.899 79.722 79.546 79.370 79.193 79.017 78.841 78.664 78.488 78.312 78.135 77.959 77.783 77.606 77.430 77.254 77.077 76.901 76.725 76.549 76.372 76.196 76.020 75.843 75.667 75.491 75.314 75.138 74.962 74.785 74.609 74.433 74.256 74.080 73.904 73.727 73.551 73.375 73.198 73.022 72.846 72.669 72.493 72.317 72.140 71.964 71.788 71.611 71.435
83.778 83.602 83.425 83.249 83.073 82.896 82.720 82.544 82.367 82.191 82.015 81.838 81.662 81.486 81.309 81.133 80.957 80.780 80.604 80.428 80.251 80.075 79.899 79.722 79.546 79.370 79.193 79.017 78.841 78.664 78.488 78.312 78.135 77.959 77.783 77.606 77.430 77.254 77.077 76.901 76.725 76.549 76.372 76.196 76.020 75.843 75.667 75.491 75.314 75.138 74.962 74.785 74.609 74.433 74.256 74.080 73.904 73.727 73.551 73.375 73.198 73.022 72.846 72.669 72.493 72.317 72.140 71.964 71.788 71.611 71.435
83.778 83.602 83.425 83.249 83.073 82.896 82.720 82.544 82.367 82.191 82.015 81.838 81.662 81.486 81.309 81.133 80.957 80.780 80.604 80.428 80.251 80.075 79.899 79.722 79.546 79.370 79.193 79.017 78.841 78.664 78.488 78.312 78.135 77.959 77.783 77.606 77.430 77.254 77.077 76.901 76.725 76.549 76.372 76.196 76.020 75.843 75.667 75.491 75.314 75.138 74.962 74.785 74.609 74.433 74.256 74.080 73.904 73.727 73.551 73.375 73.198 73.022 72.846 72.669 72.493 72.317 72.140 71.964 71.788 71.611 71.435
83.778 83.602 83.425 83.249 83.073 82.896 82.720 82.544 82.367 82.191 82.015 81.838 81.662 81.486 81.309 81.133 80.957 80.780 80.604 80.428 80.251 80.075 79.899 79.722 79.546 79.370 79.193 79.017 78.841 78.664 78.488 78.312 78.135 77.959 77.783 77.606 77.430 77.254 77.077 76.901 76.725 76.549 76.372 76.196 76.020 75.843 75.667 75.491 75.314 75.138 74.962 74.785 74.609 74.433 74.256 74.080 73.904 73.727 73.551 73.375 73.198 73.022 72.846 72.669 72.493 72.317 72.140 71.964 71.788 71.611 71.435
83.778 83.602 83.425 83.249 83.073 82.896 82.720 82.544 82.367 82.191 82.015 81.838 81.662 81.486 81.309 81.133 80.957 80.780 80.604 80.428 80.251 80.075 79.899 79.722 79.546 79.370 79.193 79.017 78.841 78.664 78.488 78.312 78.135 77.959 77.783 77.606 77.430 77.254 77.077 76.901 76.725 76.549 76.372 76.196 76.020 75.843 75.667 75.491 75.314 75.138 74.962 74.785 74.609 74.433 74.256 74.080 73.904 73.727 73.551 73.375 73.198 73.022 72.846 72.669 72.493 72.317 72.140 71.964 71.788 71.611 71.435
83.778 83.602 83.425 83.249 83.073 82.896 82.720 82.544 82.367 82.191 82.015 81.838 81.662 81.486 81.309 81.133 80.957 80.780 80.604 80.428 80.251 80.075 79.899 79.722 79.546 79.370 79.193 79.017 78.841 78.664 78.488 78.312 78.135 77.959 77.783 77.606 77.430 77.254 77.077 76.901 76.725 76.549 76.372 76.196 76.020 75.843 75.667 75.491 75.314 75.138 74.962 74.785 74.609 74.433 74.256 74.080 73.904 73.727 73.551 73.375 73.198 73.022 72.846 72.669 72.493 72.317 72.140 71.964 71.788 71.611 71.435
83.778 83.602 83.425 83.249 83.073 82.896 82.720 82.544 82.367 82.191 82.015 81.838 81.662 81.486 81.309 81.133 80.957 80.780 80.604 80.428 80.251 80.075 79.899 79.722 79.546 79.370 79.193 79.017 78.841 78.664 78.488 78.312 78.135 77.959 77.783 77.606 77.430 77.254 77.077 76.901 76.725 76.549 76.372 76.196 76.020 75.843 75.667 75.491 75.314 75.138 74.962 74.785 74.609 74.433 74.256 74.080 73.904 73.727 73.551 73.375 73.198 73.022 72.846 72.669 72.493 72.317 72.140 71.964 71.788 71.611 71.435
83.778 83.602 83.425 83.249 83.073 82.896 82.720 82.544 82.367 82.191 82.015 81.838 81.662 81.486 81.309 81.133 80.957 80.780 80.604 80.428 80.251 80.075 79.899 79.722 79.546 79.370 79.193 79.017 78.841 78.664 78.488 78.312 78.135 77.959 77.783 77.606 77.430 77.254 77.077 76.901 76.725 76.549 76.372 76.196 76.020 75.843 75.667 75.491 75.314 75.138 74.962 74.785 74.609 74.433 74.256 74.080 73.904 73.727 73.551 73.375 73.198 73.022 72.846 72.669 72.493 72.317 72.140 71.964 71.788 71.611 71.435
83.778 83.602 83.425 83.249 83.073 82.896 82.720 82.544 82.367 82.191 82.015 81.838 81.662 81.486 81.309 81.133 80.957 80.780 80.604 80.428 80.251 80.075 79.899 79.722 79.546 79.370 79.193 79.017 78.841 78.664 78.488 78.312 78.135 77.959 77.783 77.606 77.430 77.254 77.077 76.901 76.725 76.549 76.372 76.196 76.020 75.843 75.667 75.491 75.314 75.138 74.962 74.785 74.609 74.433 74.256 74.080 73.904 73.727 73.551 73.375 73.198 73.022 72.846 72.669 72.493 72.317 72.140 71.964 71.788 71.611 71.435
83.778 83.602 83.425 83.249 83.073 82.896 82.720 82.544 82.367 82.191 82.015 81.838 81.662 81.486 81.309 81.133 80.957 80.780 80.604 80.428 80.251 80.075 79.899 79.722 79.546 79.370 79.193 79.017 78.841 78.664 78.488 78.312 78.135 77.959 77.783 77.606 77.430 77.254 77.077 76.901 76.725 76.549 76.372 76.196 76.020 75.843 75.667 75.491 75.314 75.138 74.962 74.785 74.609 74.433 74.256 74.080 73.904 73.727 73.551 73.375 73.198 73.022 72.846 72.669 72.493 72.317 72.140 71.964 71.788 71.611 71.435
83.778 83.602 83.425 83.249 83.073 82.896 82.720 82.544 82.367 82.191 82.015 81.838 81.662 81.486 81.309 81.133 80.957 80.780 80.604 80.428 80.251 80.075 79.899 79.722 79.546 79.370 79.193 79.017 78.841 78.664 78.488 78.312 78.135 77.959 77.783 77.606 77.430 77.254 77.077 76.901 76.725 76.549 76.372 76.196 76.020 75.843 75.667 75.491 75.314 75.138 74.962 74.785 74.609 74.433 74.256 74.080 73.904 73.727 73.551 73.375 73.198 73.022 72.846 72.669 72.493 72.317 72.140 71.964 71.788 71.611 71.435
83.778 83.602 83.425 83.249 83.073 82.896 82.720 82.544 82.367 82.191 82.015 81.838 81.662 81.486 81.309 81.133 80.957 80.780 80.604 80.428 80.251 80.075 79.899 79.722 79.546 79.370 79.193 79.017 78.841 78.664 78.488 78.312 78.135 77.959 77.783 77.606 77.430 77.254 77.077 76.901 76.725 76.549 76.372 76.196 76.020 75.843 75.667 75.491 75.314 75.138 74.962 74.785 74.609 74.433 74.256 74.080 73.904 73.727 73.551 73.375 73.198 73.022 72.846 72.669 72.493 72.317 72.140 71.964 71.788 71.611 71.435
83.778 83.602 83.425 83.249 83.073 82.896 82.720 82.544 82.367 82.191 82.015 81.838 81.662 81.486 81.309 81.133 80.957 80.780 80.604 80.428 80.251 80.075 79.899 79.722 79.546 79.370 79.193 79.017 78.841 78.664 78.488 78.312 78.135 77.959 77.783 77.606 77.430 77.254 77.077 76.901 76.725 76.549 76.372 76.196 76.020 75.843 75.667 75.491 75.314 75.138 74.962 74.785 74.609 74.433 74.256 74.080 73.904 73.727 73.551 73.375 73.198 73.022 72.846 72.669 72.493 72.317 72.140 71.964 71.788 71.611 71.435
83.778 83.602 83.425 83.249 83.073 82.896 82.720 82.544 82.367 82.191 82.015 81.838 81.662 81.486 81.309 81.133 80.957 80.780 80.604 80.428 80.251 80.075 79.899 79.722 79.546 79.370 79.193 79.017 78.841 78.664 78.488 78.312 78.135 77.959 77.783 77.606 77.430 77.254 77.077 76.901 76.725 76.549 76.372 76.196 76.020 75.843 75.667 75.491 75.314 75.138 74.962 74.785 74.609 74.433 74.256 74.080 73.904 73.727 73.551 73.375 73.198 73.022 72.846 72.669 72.493 72.317 72.140 71.964 71.788 71.611 71.435
83.778 83.602 83.425 83.249 83.073 82.896 82.720 82.544 82.367 82.191 82.015 81.838 81.662 81.486 81.309 81.133 80.957 80.780 80.604 80.428 80.251 80.075 79.899 79.722 79.546 79.370 79.193 79.017 78.841 78.664 78.488 78.312 78.135 77.959 77.783 77.606 77.430 77.254 77.077 76.901 76.725 76.549 76.372 76.196 76.020 75.843 75.667 75.491 75.314 75.138 74.962 74.785 74.609 74.433 74.256 74.080 73.904 73.727 73.551 73.375 73.198 73.022 72.846 72.669 72.493 72.317 72.140 71.964 71.788 71.611 71.435
83.778 83.602 83.425 83.249 83.073 82.896 82.720 82.544 82.367 82.191 82.015 81.838 81.662 81.486 81.309 81.133 80.957 80.780 80.604 80.428 80.251 80.075 79.899 79.722 79.546 79.370 79.193 79.017 78.841 78.664 78.488 78.312 78.135 77.959 77.783 77.606 77.430 77.254 77.077 76.901 76.725 76.549 76.372 76.196 76.020 75.843 75.667 75.491 75.314 75.138 74.962 74.785 74.609 74.433 74.256 74.080 73.904 73.727 73.551 73.375 73.198 73.022 72.846 72.669 72.493 72.317 72.140 71.964 71.788 71.611 71.435
83.778 83.602 83.425 83.249 83.073 82.896 82.720 82.544 82.367 82.191 82.015 81.838 81.662 81.486 81.309 81.133 80.957 80.780 80.604 80.428 80.251 80.075 79.899 79.722 79.546 79.370 79.193 79.017 78.841 78.664 78.488 78.312 78.135 77.959 77.783 77.606 77.430 77.254 77.077 76.901 76.725 76.549 76.372 76.196 76.020 75.843 75.667 75.491 75.314 75.138 74.962 74.785 74.609 74.433 74.256 74.080 73.904 73.727 73.551 73.375 73.198 73.022 72.846 72.669 72.493 72.317 72.140 71.964 71.788 71.611 71.435
83.778 83.602 83.425 83.249 83.073 82.896 82.720 82.544 82.367 82.191 82.015 81.838 81.662 81.486 81.309 81.133 80.957 80.780 80.604 80.428 80.251 80.075 79.899 79.722 79.546 79.370 79.193 79.017 78.841 78.664 78.488 78.312 78.135 77.959 77.783 77.606 77.430 77.254 77.077 76.901 76.725 76.549 76.372 76.196 76.020 75.843 75.667 75.491 75.314 75.138 74.962 74.785 74.609 74.433 74.256 74.080 73.904 73.727 73.551 73.375 73.198 73.022 72.846 72.669 72.493 72.317 72.140 71.964 71.788 71.611 71.435
83.778 83.602 83.425 83.249 83.073 82.896 82.720 82.544 82.367 82.191 82.015 81.838 81.662 81.486 81.309 81.133 80.957 80.780 80.604 80.428 80.251 80.075 79.899 79.722 79.546 79.370 79.193 79.017 78.841 78.664 78.488 78.312 78.135 77.959 77.783 77.606 77.430 77.254 77.077 76.901 76.725 76.549 76.372 76.196 76.020 75.843 75.667 75.491 75.314 75.138 74.962 74.785 74.609 74.433 74.256 74.080 73.904 73.727 73.551 73.375 73.198 73.022 72.846 72.669 72.493 72.317 72.140 71.964 71.788 71.611 71.435
