in/CliffFineRectilinear/consolidated_fine_01.asc
ncols	250
nrows	500
xllcorner	1.000
yllcorner	1.000
cellsize	1.000
NODATA_value	-9999.000
[rows 310 to 340 of 500, columns 142 to 212 of 250]
71.259 71.082 70.906 70.730 70.553 70.377 70.201 70.024 69.848 69.672 69.495 69.319 69.143 68.966 68.790 68.614 68.437 68.261 68.085 67.908 67.732 67.556 67.380 67.203 67.027 66.851 66.674 66.498 66.322 66.145 65.969 65.793 65.616 65.440 65.264 65.087 64.911 64.735 64.558 64.382 64.206 64.029 63.853 63.677 63.500 63.324 63.148 62.971 62.795 62.619 62.442 62.266 62.090 61.913 61.737 61.561 61.384 61.208 61.032 60.855 60.679 60.503 60.326 60.150 59.974 59.797 59.621 59.445 59.268 59.092 58.916
71.259 71.082 70.906 70.730 70.553 70.377 70.201 70.024 69.848 69.672 69.495 69.319 69.143 68.966 68.790 68.614 68.437 68.261 68.085 67.908 67.732 67.556 67.380 67.203 67.027 66.851 66.674 66.498 66.322 66.145 65.969 65.793 65.616 65.440 65.264 65.087 64.911 64.735 64.558 64.382 64.206 64.029 63.853 63.677 63.500 63.324 63.148 62.971 62.795 62.619 62.442 62.266 62.090 61.913 61.737 61.561 61.384 61.208 61.032 60.855 60.679 60.503 60.326 60.150 59.974 59.797 59.621 59.445 59.268 59.092 58.916
71.259 71.082 70.906 70.730 70.553 70.377 70.201 70.024 69.848 69.672 69.495 69.319 69.143 68.966 68.790 68.614 68.437 68.261 68.085 67.908 67.732 67.556 67.380 67.203 67.027 66.851 66.674 66.498 66.322 66.145 65.969 65.793 65.616 65.440 65.264 65.087 64.911 64.735 64.558 64.382 64.206 64.029 63.853 63.677 63.500 63.324 63.148 62.971 62.795 62.619 62.442 62.266 62.090 61.913 61.737 61.561 61.384 61.208 61.032 60.855 60.679 60.503 60.326 60.150 59.974 59.797 59.621 59.445 59.268 59.092 58.916
71.259 71.082 70.906 70.730 70.553 70.377 70.201 70.024 69.848 69.672 69.495 69.319 69.143 68.966 68.790 68.614 68.437 68.261 68.085 67.908 67.732 67.556 67.380 67.203 67.027 66.851 66.674 66.498 66.322 66.145 65.969 65.793 65.616 65.440 65.264 65.087 64.911 64.735 64.558 64.382 64.206 64.029 63.853 63.677 63.500 63.324 63.148 62.971 62.795 62.619 62.442 62.266 62.090 61.913 61.737 61.561 61.384 61.208 61.032 60.855 60.679 60.503 60.326 60.150 59.974 59.797 59.621 59.445 59.268 59.092 58.916
71.259 71.082 70.906 70.730 70.553 70.377 70.201 70.024 69.848 69.672 69.495 69.319 69.143 68.966 68.790 68.614 68.437 68.261 68.085 67.908 67.732 67.556 67.380 67.203 67.027 66.851 66.674 66.498 66.322 66.145 65.969 65.793 65.616 65.440 65.264 65.087 64.911 64.735 64.558 64.382 64.206 64.029 63.853 63.677 63.500 63.324 63.148 62.971 62.795 62.619 62.442 62.266 62.090 61.913 61.737 61.561 61.384 61.208 61.032 60.855 60.679 60.503 60.326 60.150 59.974 59.797 59.621 59.445 59.268 59.092 58.916
71.259 71.082 70.906 70.730 70.553 70.377 70.201 70.024 69.848 69.672 69.495 69.319 69.143 68.966 68.790 68.614 68.437 68.261 68.085 67.908 67.732 67.556 67.380 67.203 67.027 66.851 66.674 66.498 66.322 66.145 65.969 65.793 65.616 65.440 65.264 65.087 64.911 64.735 64.558 64.382 64.206 64.029 63.853 63.677 63.500 63.324 63.148 62.971 62.795 62.619 62.442 62.266 62.090 61.913 61.737 61.561 61.384 61.208 61.032 60.855 60.679 60.503 60.326 60.150 59.974 59.797 59.621 59.445 59.268 59.092 58.916
71.259 71.082 70.906 70.730 70.553 70.377 70.201 70.024 69.848 69.672 69.495 69.319 69.143 68.966 68.790 68.614 68.437 68.261 68.085 67.908 67.732 67.556 67.380 67.203 67.027 66.851 66.674 66.498 66.322 66.145 65.969 65.793 65.616 65.440 65.264 65.087 64.911 64.735 64.558 64.382 64.206 64.029 63.853 63.677 63.500 63.324 63.148 62.971 62.795 62.619 62.442 62.266 62.090 61.913 61.737 61.561 61.384 61.208 61.032 60.855 60.679 60.503 60.326 60.150 59.974 59.797 59.621 59.445 59.268 59.092 58.916
71.259 71.082 70.906 70.730 70.553 70.377 70.201 70.024 69.848 69.672 69.495 69.319 69.143 68.966 68.790 68.614 68.437 68.261 68.085 67.908 67.732 67.556 67.380 67.203 67.027 66.851 66.674 66.498 66.322 66.145 65.969 65.793 65.616 65.440 65.264 65.087 64.911 64.735 64.558 64.382 64.206 64.029 63.853 63.677 63.500 63.324 63.148 62.971 62.795 62.619 62.442 62.266 62.090 61.913 61.737 61.561 61.384 61.208 61.032 60.855 60.679 60.503 60.326 60.150 59.974 59.797 59.621 59.445 59.268 59.092 58.916
71.259 71.082 70.906 70.730 70.553 70.377 70.201 70.024 69.848 69.672 69.495 69.319 69.143 68.966 68.790 68.614 68.437 68.261 68.085 67.908 67.732 67.556 67.380 67.203 67.027 66.851 66.674 66.498 66.322 66.145 65.969 65.793 65.616 65.440 65.264 65.087 64.911 64.735 64.558 64.382 64.206 64.029 63.853 63.677 63.500 63.324 63.148 62.971 62.795 62.619 62.442 62.266 62.090 61.913 61.737 61.561 61.384 61.208 61.032 60.855 60.679 60.503 60.326 60.150 59.974 59.797 59.621 59.445 59.268 59.092 58.916
71.259 71.082 70.906 70.730 70.553 70.377 70.201 70.024 69.848 69.672 69.495 69.319 69.143 68.966 68.790 68.614 68.437 68.261 68.085 67.908 67.732 67.556 67.380 67.203 67.027 66.851 66.674 66.498 66.322 66.145 65.969 65.793 65.616 65.440 65.264 65.087 64.911 64.735 64.558 64.382 64.206 64.029 63.853 63.677 63.500 63.324 63.148 62.971 62.795 62.619 62.442 62.266 62.090 61.913 61.737 61.561 61.384 61.208 61.032 60.855 60.679 60.503 60.326 60.150 59.974 59.797 59.621 59.445 59.268 59.092 58.916
71.259 71.082 70.906 70.730 70.553 70.377 70.201 70.024 69.848 69.672 69.495 69.319 69.143 68.966 68.790 68.614 68.437 68.261 68.085 67.908 67.732 67.556 67.380 67.203 67.027 66.851 66.674 66.498 66.322 66.145 65.969 65.793 65.616 65.440 65.264 65.087 64.911 64.735 64.558 64.382 64.206 64.029 63.853 63.677 63.500 63.324 63.148 62.971 62.795 62.619 62.442 62.266 62.090 61.913 61.737 61.561 61.384 61.208 61.032 60.855 60.679 60.503 60.326 60.150 59.974 59.797 59.621 59.445 59.268 59.092 58.916
71.259 71.082 70.906 70.730 70.553 70.377 70.201 70.024 69.848 69.672 69.495 69.319 69.143 68.966 68.790 68.614 68.437 68.261 68.085 67.908 67.732 67.556 67.380 67.203 67.027 66.851 66.674 66.498 66.322 66.145 65.969 65.793 65.616 65.440 65.264 65.087 64.911 64.735 64.558 64.382 64.206 64.029 63.853 63.677 63.500 63.324 63.148 62.971 62.795 62.619 62.442 62.266 62.090 61.913 61.737 61.561 61.384 61.208 61.032 60.855 60.679 60.503 60.326 60.150 59.974 59.797 59.621 59.445 59.268 59.092 58.916
71.259 71.082 70.906 70.730 70.553 70.377 70.201 70.024 69.848 69.672 69.495 69.319 69.143 68.966 68.790 68.614 68.437 68.261 68.085 67.908 67.732 67.556 67.380 67.203 67.027 66.851 66.674 66.498 66.322 66.145 65.969 65.793 65.616 65.440 65.264 65.087 64.911 64.735 64.558 64.382 64.206 64.029 63.853 63.677 63.500 63.324 63.148 62.971 62.795 62.619 62.442 62.266 62.090 61.913 61.737 61.561 61.384 61.208 61.032 60.855 60.679 60.503 60.326 60.150 59.974 59.797 59.621 59.445 59.268 59.092 58.916
71.259 71.082 70.906 70.730 70.553 70.377 70.201 70.024 69.848 69.672 69.495 69.319 69.143 68.966 68.790 68.614 68.437 68.261 68.085 67.908 67.732 67.556 67.380 67.203 67.027 66.851 66.674 66.498 66.322 66.145 65.969 65.793 65.616 65.440 65.264 65.087 64.911 64.735 64.558 64.382 64.206 64.029 63.853 63.677 63.500 63.324 63.148 62.971 62.795 62.619 62.442 62.266 62.090 61.913 61.737 61.561 61.384 61.208 61.032 60.855 60.679 60.503 60.326 60.150 59.974 59.797 59.621 59.445 59.268 59.092 58.916
71.259 71.082 70.906 70.730 70.553 70.377 70.201 70.024 69.848 69.672 69.495 69.319 69.143 68.966 68.790 68.614 68.437 68.261 68.085 67.908 67.732 67.556 67.380 67.203 67.027 66.851 66.674 66.498 66.322 66.145 65.969 65.793 65.616 65.440 65.264 65.087 64.911 64.735 64.558 64.382 64.206 64.029 63.853 63.677 63.500 63.324 63.148 62.971 62.795 62.619 62.442 62.266 62.090 61.913 61.737 61.561 61.384 61.208 61.032 60.855 60.679 60.503 60.326 60.150 59.974 59.797 59.621 59.445 59.268 59.092 58.916
71.259 71.082 70.906 70.730 70.553 70.377 70.201 70.024 69.848 69.672 69.495 69.319 69.143 68.966 68.790 68.614 68.437 68.261 68.085 67.908 67.732 67.556 67.380 67.203 67.027 66.851 66.674 66.498 66.322 66.145 65.969 65.793 65.616 65.440 65.264 65.087 64.911 64.735 64.558 64.382 64.206 64.029 63.853 63.677 63.500 63.324 63.148 62.971 62.795 62.619 62.442 62.266 62.090 61.913 61.737 61.561 61.384 61.208 61.032 60.855 60.679 60.503 60.326 60.150 59.974 59.797 59.621 59.445 59.268 59.092 58.916
71.259 71.082 70.906 70.730 70.553 70.377 70.201 70.024 69.848 69.672 69.495 69.319 69.143 68.966 68.790 68.614 68.437 68.261 68.085 67.908 67.732 67.556 67.380 67.203 67.027 66.851 66.674 66.498 66.322 66.145 65.969 65.793 65.616 65.440 65.264 65.087 64.911 64.735 64.558 64.382 64.206 64.029 63.853 63.677 63.500 63.324 63.148 62.971 62.795 62.619 62.442 62.266 62.090 61.913 61.737 61.561 61.384 61.208 61.032 60.855 60.679 60.503 60.326 60.150 59.974 59.797 59.621 59.445 59.268 59.092 58.916
71.259 71.082 70.906 70.730 70.553 70.377 70.201 70.024 69.848 69.672 69.495 69.319 69.143 68.966 68.790 68.614 68.437 68.261 68.085 67.908 67.732 67.556 67.380 67.203 67.027 66.851 66.674 66.498 66.322 66.145 65.969 65.793 65.616 65.440 65.264 65.087 64.911 64.735 64.558 64.382 64.206 64.029 63.853 63.677 63.500 63.324 63.148 62.971 62.795 62.619 62.442 62.266 62.090 61.913 61.737 61.561 61.384 61.208 61.032 60.855 60.679 60.503 60.326 60.150 59.974 59.797 59.621 59.445 59.268 59.092 58.916
71.259 71.082 70.906 70.730 70.553 70.377 70.201 70.024 69.848 69.672 69.495 69.319 69.143 68.966 68.790 68.614 68.437 68.261 68.085 67.908 67.732 67.556 67.380 67.203 67.027 66.851 66.674 66.498 66.322 66.145 65.969 65.793 65.616 65.440 65.264 65.087 64.911 64.735 64.558 64.382 64.206 64.029 63.853 63.677 63.500 63.324 63.148 62.971 62.795 62.619 62.442 62.266 62.090 61.913 61.737 61.561 61.384 61.208 61.032 60.855 60.679 60.503 60.326 60.150 59.974 59.797 59.621 59.445 59.268 59.092 58.916
71.259 71.082 70.906 70.730 70.553 70.377 70.201 70.024 69.848 69.672 69.495 69.319 69.143 68.966 68.790 68.614 68.437 68.261 68.085 67.908 67.732 67.556 67.380 67.203 67.027 66.851 66.674 66.498 66.322 66.145 65.969 65.793 65.616 65.440 65.264 65.087 64.911 64.735 64.558 64.382 64.206 64.029 63.853 63.677 63.500 63.324 63.148 62.971 62.795 62.619 62.442 62.266 62.090 61.913 61.737 61.561 61.384 61.208 61.032 60.855 60.679 60.503 60.326 60.150 59.974 59.797 59.621 59.445 59.268 59.092 58.916
71.259 71.082 70.906 70.730 70.553 70.377 70.201 70.024 69.848 69.672 69.495 69.319 69.143 68.966 68.790 68.614 68.437 68.261 68.085 67.908 67.732 67.556 67.380 67.203 67.027 66.851 66.674 66.498 66.322 66.145 65.969 65.793 65.616 65.440 65.264 65.087 64.911 64.735 64.558 64.382 64.206 64.029 63.853 63.677 63.500 63.324 63.148 62.971 62.795 62.619 62.442 62.266 62.090 61.913 61.737 61.561 61.384 61.208 61.032 60.855 60.679 60.503 60.326 60.150 59.974 59.797 59.621 59.445 59.268 59.092 58.916
71.259 71.082 70.906 70.730 70.553 70.377 70.201 70.024 69.848 69.672 69.495 69.319 69.143 68.966 68.790 68.614 68.437 68.261 68.085 67.908 67.732 67.556 67.380 67.203 67.027 66.851 66.674 66.498 66.322 66.145 65.969 65.793 65.616 65.440 65.264 65.087 64.911 64.735 64.558 64.382 64.206 64.029 63.853 63.677 63.500 63.324 63.148 62.971 62.795 62.619 62.442 62.266 62.090 61.913 61.737 61.561 61.384 61.208 61.032 60.855 60.679 60.503 60.326 60.150 59.974 59.797 59.621 59.445 59.268 59.092 58.916
71.259 71.082 70.906 70.730 70.553 70.377 70.201 70.024 69.848 69.672 69.495 69.319 69.143 68.966 68.790 68.614 68.437 68.261 68.085 67.908 67.732 67.556 67.380 67.203 67.027 66.851 66.674 66.498 66.322 66.145 65.969 65.793 65.616 65.440 65.264 65.087 64.911 64.735 64.558 64.382 64.206 64.029 63.853 63.677 63.500 63.324 63.148 62.971 62.795 62.619 62.442 62.266 62.090 61.913 61.737 61.561 61.384 61.208 61.032 60.855 60.679 60.503 60.326 60.150 59.974 59.797 59.621 59.445 59.268 59.092 58.916
71.259 71.082 70.906 70.730 70.553 70.377 70.201 70.024 69.848 69.672 69.495 69.319 69.143 68.966 68.790 68.614 68.437 68.261 68.085 67.908 67.732 67.556 67.380 67.203 67.027 66.851 66.674 66.498 66.322 66.145 65.969 65.793 65.616 65.440 65.264 65.087 64.911 64.735 64.558 64.382 64.206 64.029 63.853 63.677 63.500 63.324 63.148 62.971 62.795 62.619 62.442 62.266 62.090 61.913 61.737 61.561 61.384 61.208 61.032 60.855 60.679 60.503 60.326 60.150 59.974 59.797 59.621 59.445 59.268 59.092 58.916
71.259 71.082 70.906 70.730 70.553 70.377 70.201 70.024 69.848 69.672 69.495 69.319 69.143 68.966 68.790 68.614 68.437 68.261 68.085 67.908 67.732 67.556 67.380 67.203 67.027 66.851 66.674 66.498 66.322 66.145 65.969 65.793 65.616 65.440 65.264 65.087 64.911 64.735 64.558 64.382 64.206 64.029 63.853 63.677 63.500 63.324 63.148 62.971 62.795 62.619 62.442 62.266 62.090 61.913 61.737 61.561 61.384 61.208 61.032 60.855 60.679 60.503 60.326 60.150 59.974 59.797 59.621 59.445 59.268 59.092 58.916
71.259 71.082 70.906 70.730 70.553 70.377 70.201 70.024 69.848 69.672 69.495 69.319 69.143 68.966 68.790 68.614 68.437 68.261 68.085 67.908 67.732 67.556 67.380 67.203 67.027 66.851 66.674 66.498 66.322 66.145 65.969 65.793 65.616 65.440 65.264 65.087 64.911 64.735 64.558 64.382 64.206 64.029 63.853 63.677 63.500 63.324 63.148 62.971 62.795 62.619 62.442 62.266 62.090 61.913 61.737 61.561 61.384 61.208 61.032 60.855 60.679 60.503 60.326 60.150 59.974 59.797 59.621 59.445 59.268 59.092 58.916
71.259 71.082 70.906 70.730 70.553 70.377 70.201 70.024 69.848 69.672 69.495 69.319 69.143 68.966 68.790 68.614 68.437 68.261 68.085 67.908 67.732 67.556 67.380 67.203 67.027 66.851 66.674 66.498 66.322 66.145 65.969 65.793 65.616 65.440 65.264 65.087 64.911 64.735 64.558 64.382 64.206 64.029 63.853 63.677 63.500 63.324 63.148 62.971 62.795 62.619 62.442 62.266 62.090 61.913 61.737 61.561 61.384 61.208 61.032 60.855 60.679 60.503 60.326 60.150 59.974 59.797 59.621 59.445 59.268 59.092 58.916
71.259 71.082 70.906 70.730 70.553 70.377 70.201 70.024 69.848 69.672 69.495 69.319 69.143 68.966 68.790 68.614 68.437 68.261 68.085 67.908 67.732 67.556 67.380 67.203 67.027 66.851 66.674 66.498 66.322 66.145 65.969 65.793 65.616 65.440 65.264 65.087 64.911 64.735 64.558 64.382 64.206 64.029 63.853 63.677 63.500 63.324 63.148 62.971 62.795 62.619 62.442 62.266 62.090 61.913 61.737 61.561 61.384 61.208 61.032 60.855 60.679 60.503 60.326 60.150 59.974 59.797 59.621 59.445 59.268 59.092 58.916
71.259 71.082 70.906 70.730 70.553 70.377 70.201 70.024 69.848 69.672 69.495 69.319 69.143 68.966 68.790 68.614 68.437 68.261 68.085 67.908 67.732 67.556 67.380 67.203 67.027 66.851 66.674 66.498 66.322 66.145 65.969 65.793 65.616 65.440 65.264 65.087 64.911 64.735 64.558 64.382 64.206 64.029 63.853 63.677 63.500 63.324 63.148 62.971 62.795 62.619 62.442 62.266 62.090 61.913 61.737 61.561 61.384 61.208 61.032 60.855 60.679 60.503 60.326 60.150 59.974 59.797 59.621 59.445 59.268 59.092 58.916
71.259 71.082 70.906 70.730 70.553 70.377 70.201 70.024 69.848 69.672 69.495 69.319 69.143 68.966 68.790 68.614 68.437 68.261 68.085 67.908 67.732 67.556 67.380 67.203 67.027 66.851 66.674 66.498 66.322 66.145 65.969 65.793 65.616 65.440 65.264 65.087 64.911 64.735 64.558 64.382 64.206 64.029 63.853 63.677 63.500 63.324 63.148 62.971 62.795 62.619 62.442 62.266 62.090 61.913 61.737 61.561 61.384 61.208 61.032 60.855 60.679 60.503 60.326 60.150 59.974 59.797 59.621 59.445 59.268 59.092 58.916
71.259 71.082 70.906 70.730 70.553 70.377 70.201 70.024 69.848 69.672 69.495 69.319 69.143 68.966 68.790 68.614 68.437 68.261 68.085 67.908 67.732 67.556 67.380 67.203 67.027 66.851 66.674 66.498 66.322 66.145 65.969 65.793 65.616 65.440 65.264 65.087 64.911 64.735 64.558 64.382 64.206 64.029 63.853 63.677 63.500 63.324 63.148 62.971 62.795 62.619 62.442 62.266 62.090 61.913 61.737 61.561 61.384 61.208 61.032 60.855 60.679 60.503 60.326 60.150 59.974 59.797 59.621 59.445 59.268 59.092 58.916
