in/CliffFineRectilinear/consolidated_fine_01.asc
ncols	250
nrows	500
xllcorner	1.000
yllcorner	1.000
cellsize	1.000
NODATA_value	-9999.000
[rows 155 to 185 of 500, columns 0 to 70 of 250]
100.000 100.000 100.000 100.000 100.000 100.000 100.000 100.000 100.000 100.000 100.000 100.000 100.000 100.000 100.000 100.000 100.000 100.000 100.000 100.000 92.771 92.594 92.418 92.242 92.065 91.889 91.713 91.536 91.360 91.184 91.007 90.831 90.655 90.478 90.302 90.126 89.949 89.773 89.597 89.420 89.244 89.068 88.891 88.715 88.539 88.362 88.186 88.010 87.833 87.657 87.481 87.304 87.128 86.952 86.775 86.599 86.423 86.246 86.070 85.894 85.718 85.541 85.365 85.189 85.012 84.836 84.660 84.483 84.307 84.131 83.954
100.000 100.000 100.000 100.000 100.000 100.000 100.000 100.000 100.000 100.000 100.000 100.000 100.000 100.000 100.000 100.000 100.000 100.000 100.000 100.000 92.771 92.594 92.418 92.242 92.065 91.889 91.713 91.536 91.360 91.184 91.007 90.831 90.655 90.478 90.302 90.126 89.949 89.773 89.597 89.420 89.244 89.068 88.891 88.715 88.539 88.362 88.186 88.010 87.833 87.657 87.481 87.304 87.128 86.952 86.775 86.599 86.423 86.246 86.070 85.894 85.718 85.541 85.365 85.189 85.012 84.836 84.660 84.483 84.307 84.131 83.954
100.000 100.000 100.000 100.000 100.000 100.000 100.000 100.000 100.000 100.000 100.000 100.000 100.000 100.000 100.000 100.000 100.000 100.000 100.000 100.000 92.771 92.594 92.418 92.242 92.065 91.889 91.713 91.536 91.360 91.184 91.007 90.831 90.655 90.478 90.302 90.126 89.949 89.773 89.597 89.420 89.244 89.068 88.891 88.715 88.539 88.362 88.186 88.010 87.833 87.657 87.481 87.304 87.128 86.952 86.775 86.599 86.423 86.246 86.070 85.894 85.718 85.541 85.365 85.189 85.012 84.836 84.660 84.483 84.307 84.131 83.954
100.000 100.000 100.000 100.000 100.000 100.000 100.000 100.000 100.000 100.000 100.000 100.000 100.000 100.000 100.000 100.000 100.000 100.000 100.000 100.000 92.771 92.594 92.418 92.242 92.065 91.889 91.713 91.536 91.360 91.184 91.007 90.831 90.655 90.478 90.302 90.126 89.949 89.773 89.597 89.420 89.244 89.068 88.891 88.715 88.539 88.362 88.186 88.010 87.833 87.657 87.481 87.304 87.128 86.952 86.775 86.599 86.423 86.246 86.070 85.894 85.718 85.541 85.365 85.189 85.012 84.836 84.660 84.483 84.307 84.131 83.954
100.000 100.000 100.000 100.000 100.000 100.000 100.000 100.000 100.000 100.000 100.000 100.000 100.000 100.000 100.000 100.000 100.000 100.000 100.000 100.000 92.771 92.594 92.418 92.242 92.065 91.889 91.713 91.536 91.360 91.184 91.007 90.831 90.655 90.478 90.302 90.126 89.949 89.773 89.597 89.420 89.244 89.068 88.891 88.715 88.539 88.362 88.186 88.010 87.833 87.657 87.481 87.304 87.128 86.952 86.775 86.599 86.423 86.246 86.070 85.894 85.718 85.541 85.365 85.189 85.012 84.836 84.660 84.483 84.307 84.131 83.954
100.000 100.000 100.000 100.000 100.000 100.000 100.000 100.000 100.000 100.000 100.000 100.000 100.000 100.000 100.000 100.000 100.000 100.000 100.000 100.000 92.771 92.594 92.418 92.242 92.065 91.889 91.713 91.536 91.360 91.184 91.007 90.831 90.655 90.478 90.302 90.126 89.949 89.773 89.597 89.420 89.244 89.068 88.891 88.715 88.539 88.362 88.186 88.010 87.833 87.657 87.481 87.304 87.128 86.952 86.775 86.599 86.423 86.246 86.070 85.894 85.718 85.541 85.365 85.189 85.012 84.836 84.660 84.483 84.307 84.131 83.954
100.000 100.000 100.000 100.000 100.000 100.000 100.000 100.000 100.000 100.000 100.000 100.000 100.000 100.000 100.000 100.000 100.000 100.000 100.000 100.000 92.771 92.594 92.418 92.242 92.065 91.889 91.713 91.536 91.360 91.184 91.007 90.831 90.655 90.478 90.302 90.126 89.949 89.773 89.597 89.420 89.244 89.068 88.891 88.715 88.539 88.362 88.186 88.010 87.833 87.657 87.481 87.304 87.128 86.952 86.775 86.599 86.423 86.246 86.070 85.894 85.718 85.541 85.365 85.189 85.012 84.836 84.660 84.483 84.307 84.131 83.954
100.000 100.000 100.000 100.000 100.000 100.000 100.000 100.000 100.000 100.000 100.000 100.000 100.000 100.000 100.000 100.000 100.000 100.000 100.000 100.000 92.771 92.594 92.418 92.242 92.065 91.889 91.713 91.536 91.360 91.184 91.007 90.831 90.655 90.478 90.302 90.126 89.949 89.773 89.597 89.420 89.244 89.068 88.891 88.715 88.539 88.362 88.186 88.010 87.833 87.657 87.481 87.304 87.128 86.952 86.775 86.599 86.423 86.246 86.070 85.894 85.718 85.541 85.365 85.189 85.012 84.836 84.660 84.483 84.307 84.131 83.954
100.000 100.000 100.000 100.000 100.000 100.000 100.000 100.000 100.000 100.000 100.000 100.000 100.000 100.000 100.000 100.000 100.000 100.000 100.000 100.000 92.771 92.594 92.418 92.242 92.065 91.889 91.713 91.536 91.360 91.184 91.007 90.831 90.655 90.478 90.302 90.126 89.949 89.773 89.597 89.420 89.244 89.068 88.891 88.715 88.539 88.362 88.186 88.010 87.833 87.657 87.481 87.304 87.128 86.952 86.775 86.599 86.423 86.246 86.070 85.894 85.718 85.541 85.365 85.189 85.012 84.836 84.660 84.483 84.307 84.131 83.954
100.000 100.000 100.000 100.000 100.000 100.000 100.000 100.000 100.000 100.000 100.000 100.000 100.000 100.000 100.000 100.000 100.000 100.000 100.000 100.000 92.771 92.594 92.418 92.242 92.065 91.889 91.713 91.536 91.360 91.184 91.007 90.831 90.655 90.478 90.302 90.126 89.949 89.773 89.597 89.420 89.244 89.068 88.891 88.715 88.539 88.362 88.186 88.010 87.833 87.657 87.481 87.304 87.128 86.952 86.775 86.599 86.423 86.246 86.070 85.894 85.718 85.541 85.365 85.189 85.012 84.836 84.660 84.483 84.307 84.131 83.954
100.000 100.000 100.000 100.000 100.000 100.000 100.000 100.000 100.000 100.000 100.000 100.000 100.000 100.000 100.000 100.000 100.000 100.000 100.000 100.000 92.771 92.594 92.418 92.242 92.065 91.889 91.713 91.536 91.360 91.184 91.007 90.831 90.655 90.478 90.302 90.126 89.949 89.773 89.597 89.420 89.244 89.068 88.891 88.715 88.539 88.362 88.186 88.010 87.833 87.657 87.481 87.304 87.128 86.952 86.775 86.599 86.423 86.246 86.070 85.894 85.718 85.541 85.365 85.189 85.012 84.836 84.660 84.483 84.307 84.131 83.954
100.000 100.000 100.000 100.000 100.000 100.000 100.000 100.000 100.000 100.000 100.000 100.000 100.000 100.000 100.000 100.000 100.000 100.000 100.000 100.000 92.771 92.594 92.418 92.242 92.065 91.889 91.713 91.536 91.360 91.184 91.007 90.831 90.655 90.478 90.302 90.126 89.949 89.773 89.597 89.420 89.244 89.068 88.891 88.715 88.539 88.362 88.186 88.010 87.833 87.657 87.481 87.304 87.128 86.952 86.775 86.599 86.423 86.246 86.070 85.894 85.718 85.541 85.365 85.189 85.012 84.836 84.660 84.483 84.307 84.131 83.954
100.000 100.000 100.000 100.000 100.000 100.000 100.000 100.000 100.000 100.000 100.000 100.000 100.000 100.000 100.000 100.000 100.000 100.000 100.000 100.000 92.771 92.594 92.418 92.242 92.065 91.889 91.713 91.536 91.360 91.184 91.007 90.831 90.655 90.478 90.302 90.126 89.949 89.773 89.597 89.420 89.244 89.068 88.891 88.715 88.539 88.362 88.186 88.010 87.833 87.657 87.481 87.304 87.128 86.952 86.775 86.599 86.423 86.246 86.070 85.894 85.718 85.541 85.365 85.189 85.012 84.836 84.660 84.483 84.307 84.131 83.954
100.000 100.000 100.000 100.000 100.000 100.000 100.000 100.000 100.000 100.000 100.000 100.000 100.000 100.000 100.000 100.000 100.000 100.000 100.000 100.000 92.771 92.594 92.418 92.242 92.065 91.889 91.713 91.536 91.360 91.184 91.007 90.831 90.655 90.478 90.302 90.126 89.949 89.773 89.597 89.420 89.244 89.068 88.891 88.715 88.539 88.362 88.186 88.010 87.833 87.657 87.481 87.304 87.128 86.952 86.775 86.599 86.423 86.246 86.070 85.894 85.718 85.541 85.365 85.189 85.012 84.836 84.660 84.483 84.307 84.131 83.954
100.000 100.000 100.000 100.000 100.000 100.000 100.000 100.000 100.000 100.000 100.000 100.000 100.000 100.000 100.000 100.000 100.000 100.000 100.000 100.000 92.771 92.594 92.418 92.242 92.065 91.889 91.713 91.536 91.360 91.184 91.007 90.831 90.655 90.478 90.302 90.126 89.949 89.773 89.597 89.420 89.244 89.068 88.891 88.715 88.539 88.362 88.186 88.010 87.833 87.657 87.481 87.304 87.128 86.952 86.775 86.599 86.423 86.246 86.070 85.894 85.718 85.541 85.365 85.189 85.012 84.836 84.660 84.483 84.307 84.131 83.954
100.000 100.000 100.000 100.000 100.000 100.000 100.000 100.000 100.000 100.000 100.000 100.000 100.000 100.000 100.000 100.000 100.000 100.000 100.000 100.000 92.771 92.594 92.418 92.242 92.065 91.889 91.713 91.536 91.360 91.184 91.007 90.831 90.655 90.478 90.302 90.126 89.949 89.773 89.597 89.420 89.244 89.068 88.891 88.715 88.539 88.362 88.186 88.010 87.833 87.657 87.481 87.304 87.128 86.952 86.775 86.599 86.423 86.246 86.070 85.894 85.718 85.541 85.365 85.189 85.012 84.836 84.660 84.483 84.307 84.131 83.954
100.000 100.000 100.000 100.000 100.000 100.000 100.000 100.000 100.000 100.000 100.000 100.000 100.000 100.000 100.000 100.000 100.000 100.000 100.000 100.000 92.771 92.594 92.418 92.242 92.065 91.889 91.713 91.536 91.360 91.184 91.007 90.831 90.655 90.478 90.302 90.126 89.949 89.773 89.597 89.420 89.244 89.068 88.891 88.715 88.539 88.362 88.186 88.010 87.833 87.657 87.481 87.304 87.128 86.952 86.775 86.599 86.423 86.246 86.070 85.894 85.718 85.541 85.365 85.189 85.012 84.836 84.660 84.483 84.307 84.131 83.954
100.000 100.000 100.000 100.000 100.000 100.000 100.000 100.000 100.000 100.000 100.000 100.000 100.000 100.000 100.000 100.000 100.000 100.000 100.000 100.000 92.771 92.594 92.418 92.242 92.065 91.889 91.713 91.536 91.360 91.184 91.007 90.831 90.655 90.478 90.302 90.126 89.949 89.773 89.597 89.420 89.244 89.068 88.891 88.715 88.539 88.362 88.186 88.010 87.833 87.657 87.481 87.304 87.128 86.952 86.775 86.599 86.423 86.246 86.070 85.894 85.718 85.541 85.365 85.189 85.012 84.836 84.660 84.483 84.307 84.131 83.954
100.000 100.000 100.000 100.000 100.000 100.000 100.000 100.000 100.000 100.000 100.000 100.000 100.000 100.000 100.000 100.000 100.000 100.000 100.000 100.000 92.771 92.594 92.418 92.242 92.065 91.889 91.713 91.536 91.360 91.184 91.007 90.831 90.655 90.478 90.302 90.126 89.949 89.773 89.597 89.420 89.244 89.068 88.891 88.715 88.539 88.362 88.186 88.010 87.833 87.657 87.481 87.304 87.128 86.952 86.775 86.599 86.423 86.246 86.070 85.894 85.718 85.541 85.365 85.189 85.012 84.836 84.660 84.483 84.307 84.131 83.954
100.000 100.000 100.000 100.000 100.000 100.000 100.000 100.000 100.000 100.000 100.000 100.000 100.000 100.000 100.000 100.000 100.000 100.000 100.000 100.000 92.771 92.594 92.418 92.242 92.065 91.889 91.713 91.536 91.360 91.184 91.007 90.831 90.655 90.478 90.302 90.126 89.949 89.773 89.597 89.420 89.244 89.068 88.891 88.715 88.539 88.362 88.186 88.010 87.833 87.657 87.481 87.304 87.128 86.952 86.775 86.599 86.423 86.246 86.070 85.894 85.718 85.541 85.365 85.189 85.012 84.836 84.660 84.483 84.307 84.131 83.954
100.000 100.000 100.000 100.000 100.000 100.000 100.000 100.000 100.000 100.000 100.000 100.000 100.000 100.000 100.000 100.000 100.000 100.000 100.000 100.000 92.771 92.594 92.418 92.242 92.065 91.889 91.713 91.536 91.360 91.184 91.007 90.831 90.655 90.478 90.302 90.126 89.949 89.773 89.597 89.420 89.244 89.068 88.891 88.715 88.539 88.362 88.186 88.010 87.833 87.657 87.481 87.304 87.128 86.952 86.775 86.599 86.423 86.246 86.070 85.894 85.718 85.541 85.365 85.189 85.012 84.836 84.660 84.483 84.307 84.131 83.954
100.000 100.000 100.000 100.000 100.000 100.000 100.000 100.000 100.000 100.000 100.000 100.000 100.000 100.000 100.000 100.000 100.000 100.000 100.000 100.000 92.771 92.594 92.418 92.242 92.065 91.889 91.713 91.536 91.360 91.184 91.007 90.831 90.655 90.478 90.302 90.126 89.949 89.773 89.597 89.420 89.244 89.068 88.891 88.715 88.539 88.362 88.186 88.010 87.833 87.657 87.481 87.304 87.128 86.952 86.775 86.599 86.423 86.246 86.070 85.894 85.718 85.541 85.365 85.189 85.012 84.836 84.660 84.483 84.307 84.131 83.954
100.000 100.000 100.000 100.000 100.000 100.000 100.000 100.000 100.000 100.000 100.000 100.000 100.000 100.000 100.000 100.000 100.000 100.000 100.000 100.000 92.771 92.594 92.418 92.242 92.065 91.889 91.713 91.536 91.360 91.184 91.007 90.831 90.655 90.478 90.302 90.126 89.949 89.773 89.597 89.420 89.244 89.068 88.891 88.715 88.539 88.362 88.186 88.010 87.833 87.657 87.481 87.304 87.128 86.952 86.775 86.599 86.423 86.246 86.070 85.894 85.718 85.541 85.365 85.189 85.012 84.836 84.660 84.483 84.307 84.131 83.954
100.000 100.000 100.000 100.000 100.000 100.000 100.000 100.000 100.000 100.000 100.000 100.000 100.000 100.000 100.000 100.000 100.000 100.000 100.000 100.000 92.771 92.594 92.418 92.242 92.065 91.889 91.713 91.536 91.360 91.184 91.007 90.831 90.655 90.478 90.302 90.126 89.949 89.773 89.597 89.420 89.244 89.068 88.891 88.715 88.539 88.362 88.186 88.010 87.833 87.657 87.481 87.304 87.128 86.952 86.775 86.599 86.423 86.246 86.070 85.894 85.718 85.541 85.365 85.189 85.012 84.836 84.660 84.483 84.307 84.131 83.954
100.000 100.000 100.000 100.000 100.000 100.000 100.000 100.000 100.000 100.000 100.000 100.000 100.000 100.000 100.000 100.000 100.000 100.000 100.000 100.000 92.771 92.594 92.418 92.242 92.065 91.889 91.713 91.536 91.360 91.184 91.007 90.831 90.655 90.478 90.302 90.126 89.949 89.773 89.597 89.420 89.244 89.068 88.891 88.715 88.539 88.362 88.186 88.010 87.833 87.657 87.481 87.304 87.128 86.952 86.775 86.599 86.423 86.246 86.070 85.894 85.718 85.541 85.365 85.189 85.012 84.836 84.660 84.483 84.307 84.131 83.954
100.000 100.000 100.000 100.000 100.000 100.000 100.000 100.000 100.000 100.000 100.000 100.000 100.000 100.000 100.000 100.000 100.000 100.000 100.000 100.000 92.771 92.594 92.418 92.242 92.065 91.889 91.713 91.536 91.360 91.184 91.007 90.831 90.655 90.478 90.302 90.126 89.949 89.773 89.597 89.420 89.244 89.068 88.891 88.715 88.539 88.362 88.186 88.010 87.833 87.657 87.481 87.304 87.128 86.952 86.775 86.599 86.423 86.246 86.070 85.894 85.718 85.541 85.365 85.189 85.012 84.836 84.660 84.483 84.307 84.131 83.954
100.000 100.000 100.000 100.000 100.000 100.000 100.000 100.000 100.000 100.000 100.000 100.000 100.000 100.000 100.000 100.000 100.000 100.000 100.000 100.000 92.771 92.594 92.418 92.242 92.065 91.889 91.713 91.536 91.360 91.184 91.007 90.831 90.655 90.478 90.302 90.126 89.949 89.773 89.597 89.420 89.244 89.068 88.891 88.715 88.539 88.362 88.186 88.010 87.833 87.657 87.481 87.304 87.128 86.952 86.775 86.599 86.423 86.246 86.070 85.894 85.718 85.541 85.365 85.189 85.012 84.836 84.660 84.483 84.307 84.131 83.954
100.000 100.000 100.000 100.000 100.000 100.000 100.000 100.000 100.000 100.000 100.000 100.000 100.000 100.000 100.000 100.000 100.000 100.000 100.000 100.000 92.771 92.594 92.418 92.242 92.065 91.889 91.713 91.536 91.360 91.184 91.007 90.831 90.655 90.478 90.302 90.126 89.949 89.773 89.597 89.420 89.244 89.068 88.891 88.715 88.539 88.362 88.186 88.010 87.833 87.657 87.481 87.304 87.128 86.952 86.775 86.599 86.423 86.246 86.070 85.894 85.718 85.541 85.365 85.189 85.012 84.836 84.660 84.483 84.307 84.131 83.954
100.000 100.000 100.000 100.000 100.000 100.000 100.000 100.000 100.000 100.000 100.000 100.000 100.000 100.000 100.000 100.000 100.000 100.000 100.000 100.000 92.771 92.594 92.418 92.242 92.065 91.889 91.713 91.536 91.360 91.184 91.007 90.831 90.655 90.478 90.302 90.126 89.949 89.773 89.597 89.420 89.244 89.068 88.891 88.715 88.539 88.362 88.186 88.010 87.833 87.657 87.481 87.304 87.128 86.952 86.775 86.599 86.423 86.246 86.070 85.894 85.718 85.541 85.365 85.189 85.012 84.836 84.660 84.483 84.307 84.131 83.954
100.000 100.000 100.000 100.000 100.000 100.000 100.000 100.000 100.000 100.000 100.000 100.000 100.000 100.000 100.000 100.000 100.000 100.000 100.000 100.000 92.771 92.594 92.418 92.242 92.065 91.889 91.713 91.536 91.360 91.184 91.007 90.831 90.655 90.478 90.302 90.126 89.949 89.773 89.597 89.420 89.244 89.068 88.891 88.715 88.539 88.362 88.186 88.010 87.833 87.657 87.481 87.304 87.128 86.952 86.775 86.599 86.423 86.246 86.070 85.894 85.718 85.541 85.365 85.189 85.012 84.836 84.660 84.483 84.307 84.131 83.954
100.000 100.000 100.000 100.000 100.000 100.000 100.000 100.000 100.000 100.000 100.000 100.000 100.000 100.000 100.000 100.000 100.000 100.000 100.000 100.000 92.771 92.594 92.418 92.242 92.065 91.889 91.713 91.536 91.360 91.184 91.007 90.831 90.655 90.478 90.302 90.126 89.949 89.773 89.597 89.420 89.244 89.068 88.891 88.715 88.539 88.362 88.186 88.010 87.833 87.657 87.481 87.304 87.128 86.952 86.775 86.599 86.423 86.246 86.070 85.894 85.718 85.541 85.365 85.189 85.012 84.836 84.660 84.483 84.307 84.131 83.954
