NAME	= two_bays
DESCRIPTION	= STATISTICS_MAXIMUM=99.824
STATISTICS_MEAN=76.462189599999
STATISTICS_MINIMUM=51.51
STATISTICS_STDDEV=13.558090424327

UNIT	= 
DATAFORMAT	= FLOAT
DATAFILE_OFFSET	= 0
BYTEORDER_BIG	= FALSE
TOPTOBOTTOM	= FALSE
POSITION_XMIN	= 1.5000000000
POSITION_YMIN	= 1.5000000000
CELLCOUNT_X	= 250
CELLCOUNT_Y	= 500
CELLSIZE	= 1.0000000000
Z_FACTOR	= 1.000000
Z_OFFSET	= 0.000000
NODATA_VALUE	= -9999.000000
