00_GRANADA _TO_TEST/00_ANDRES_LATEST/non_consolidated_fine.asc
ncols    501
nrows    1142
xllcorner    2.5
yllcorner    2.5
cellsize    5
NODATA_value    -9999
[rows 512 to 543 of 1142, columns 355 to 425 of 501]
61.032 60.818 60.605 60.392 60.175 59.955 59.735 59.516 59.296 59.104 58.912 58.720 58.528 58.332 58.156 57.978 57.800 57.625 57.501 57.409 57.317 57.226 57.104 56.936 56.764 56.593 56.461 56.339 56.213 56.087 55.949 55.811 55.684 55.569 55.455 55.336 55.206 55.094 54.989 54.885 54.781 54.674 54.541 54.408 54.266 54.124 53.973 53.811 53.649 53.486 53.341 53.222 53.112 53.002 52.882 52.760 52.659 52.559 52.456 52.354 52.249 52.139 52.029 51.919 51.806 51.677 51.495 51.302 51.108 50.914 50.592
60.993 60.777 60.563 60.350 60.134 59.914 59.695 59.475 59.255 59.056 58.865 58.673 58.481 58.293 58.118 57.944 57.770 57.596 57.450 57.359 57.267 57.171 57.041 56.884 56.712 56.546 56.426 56.305 56.179 56.053 55.927 55.790 55.658 55.543 55.428 55.313 55.196 55.079 54.975 54.871 54.766 54.659 54.509 54.366 54.223 54.081 53.935 53.773 53.611 53.451 53.310 53.183 53.073 52.962 52.839 52.717 52.611 52.510 52.407 52.304 52.201 52.091 51.982 51.872 51.762 51.635 51.441 51.247 51.052 50.841 50.491
60.953 60.738 60.522 60.308 60.094 59.874 59.654 59.435 59.215 59.013 58.839 58.664 58.490 58.290 58.092 57.916 57.742 57.568 57.400 57.308 57.217 57.108 56.978 56.832 56.660 56.511 56.391 56.270 56.145 56.019 55.893 55.767 55.632 55.516 55.401 55.287 55.173 55.062 54.957 54.851 54.746 54.635 54.486 54.323 54.181 54.038 53.895 53.736 53.574 53.421 53.280 53.144 53.034 52.919 52.797 52.674 52.562 52.461 52.358 52.255 52.152 52.044 51.934 51.819 51.701 51.578 51.384 51.189 50.994 50.735 50.389
60.914 60.699 60.483 60.268 60.052 59.833 59.631 59.429 59.227 59.031 58.857 58.682 58.508 58.289 58.079 57.891 57.713 57.539 57.365 57.258 57.166 57.045 56.914 56.780 56.608 56.476 56.355 56.235 56.112 55.986 55.859 55.733 55.608 55.493 55.380 55.267 55.155 55.042 54.937 54.831 54.726 54.611 54.477 54.304 54.138 53.995 53.853 53.698 53.536 53.390 53.250 53.109 52.996 52.876 52.754 52.632 52.514 52.411 52.308 52.206 52.106 51.977 51.859 51.741 51.623 51.505 51.326 51.131 50.936 50.629 50.287
60.875 60.659 60.437 60.212 60.000 59.858 59.657 59.455 59.253 59.051 58.875 58.701 58.520 58.288 58.066 57.878 57.691 57.511 57.337 57.208 57.112 56.981 56.851 56.721 56.562 56.441 56.320 56.200 56.078 55.956 55.834 55.713 55.591 55.474 55.362 55.249 55.137 55.024 54.917 54.811 54.705 54.587 54.467 54.295 54.122 53.952 53.810 53.661 53.501 53.360 53.219 53.078 52.956 52.833 52.711 52.589 52.467 52.366 52.266 52.165 52.064 51.948 51.782 51.663 51.545 51.427 51.268 51.073 50.862 50.522 50.183
60.812 60.587 60.362 60.137 59.964 59.837 59.677 59.480 59.278 59.076 58.893 58.719 58.519 58.287 58.054 57.866 57.678 57.490 57.308 57.157 57.048 56.918 56.788 56.658 56.526 56.408 56.291 56.173 56.056 55.939 55.818 55.696 55.574 55.454 55.343 55.232 55.119 55.006 54.897 54.792 54.681 54.563 54.445 54.285 54.113 53.941 53.768 53.623 53.470 53.330 53.189 53.048 52.911 52.787 52.663 52.539 52.425 52.324 52.224 52.123 52.022 51.922 51.758 51.591 51.466 51.348 51.210 51.015 50.756 50.416 50.077
60.715 60.512 60.287 60.062 59.929 59.816 59.656 59.495 59.304 59.102 58.912 58.737 58.518 58.286 58.053 57.853 57.665 57.477 57.289 57.107 56.985 56.860 56.741 56.621 56.503 56.385 56.268 56.151 56.033 55.917 55.800 55.679 55.557 55.435 55.323 55.212 55.101 54.988 54.877 54.772 54.657 54.539 54.421 54.276 54.104 53.931 53.759 53.586 53.438 53.293 53.149 53.004 52.862 52.738 52.614 52.490 52.382 52.281 52.181 52.082 51.981 51.880 51.733 51.567 51.401 51.270 51.152 50.957 50.650 50.310 49.971
60.610 60.437 60.212 60.000 59.893 59.786 59.634 59.474 59.314 59.128 58.930 58.749 58.517 58.284 58.052 57.840 57.652 57.463 57.272 57.086 56.957 56.838 56.718 56.599 56.480 56.363 56.245 56.128 56.011 55.894 55.777 55.661 55.540 55.418 55.304 55.193 55.082 54.970 54.858 54.751 54.633 54.515 54.397 54.267 54.093 53.918 53.742 53.567 53.400 53.249 53.105 52.961 52.816 52.689 52.565 52.443 52.340 52.237 52.138 52.039 51.939 51.838 51.709 51.543 51.377 51.210 51.074 50.883 50.543 50.204 49.865
60.504 60.362 60.137 59.964 59.857 59.751 59.613 59.453 59.293 59.132 58.951 58.748 58.516 58.283 58.048 57.820 57.628 57.437 57.245 57.076 56.941 56.815 56.696 56.577 56.458 56.340 56.222 56.105 55.988 55.871 55.755 55.638 55.522 55.401 55.284 55.173 55.062 54.951 54.840 54.727 54.608 54.488 54.367 54.246 54.072 53.897 53.722 53.549 53.379 53.214 53.061 52.917 52.772 52.640 52.515 52.401 52.297 52.194 52.095 51.995 51.896 51.797 51.685 51.519 51.352 51.186 51.020 50.772 50.420 50.068 49.716
60.398 60.287 60.062 59.929 59.822 59.715 59.592 59.432 59.271 59.111 58.954 58.741 58.505 58.269 58.033 57.797 57.602 57.411 57.219 57.065 56.926 56.800 56.674 56.555 56.435 56.317 56.200 56.083 55.965 55.848 55.732 55.615 55.499 55.382 55.264 55.153 55.042 54.934 54.825 54.697 54.573 54.453 54.332 54.211 54.052 53.876 53.701 53.530 53.359 53.194 53.028 52.873 52.728 52.590 52.466 52.358 52.255 52.152 52.051 51.952 51.853 51.754 51.654 51.493 51.313 51.133 50.953 50.642 50.266 49.914 49.561
60.292 60.183 60.000 59.893 59.786 59.680 59.572 59.416 59.260 59.104 58.948 58.752 58.490 58.254 58.019 57.783 57.576 57.384 57.198 57.055 56.912 56.785 56.659 56.533 56.413 56.294 56.177 56.060 55.943 55.826 55.709 55.592 55.476 55.361 55.249 55.141 55.032 54.924 54.815 54.693 54.545 54.417 54.297 54.176 54.031 53.856 53.681 53.511 53.340 53.173 53.008 52.843 52.685 52.541 52.419 52.316 52.213 52.109 52.008 51.908 51.798 51.685 51.572 51.417 51.237 51.056 50.859 50.526 50.140 49.759 49.407
60.187 60.077 59.965 59.862 59.759 59.657 59.539 59.406 59.254 59.098 58.942 58.777 58.506 58.240 58.004 57.768 57.549 57.358 57.188 57.045 56.902 56.771 56.645 56.519 56.393 56.272 56.154 56.037 55.920 55.804 55.690 55.576 55.463 55.349 55.239 55.131 55.023 54.915 54.802 54.685 54.541 54.392 54.261 54.141 54.011 53.835 53.662 53.492 53.321 53.153 52.988 52.822 52.657 52.496 52.377 52.274 52.172 52.071 51.964 51.816 51.703 51.591 51.478 51.340 51.160 50.980 50.731 50.399 50.028 49.638 49.253
60.134 60.052 59.944 59.841 59.738 59.635 59.507 59.373 59.241 59.092 58.936 58.780 58.530 58.260 57.990 57.754 57.523 57.331 57.178 57.035 56.892 56.756 56.630 56.504 56.378 56.253 56.135 56.021 55.906 55.792 55.678 55.564 55.451 55.337 55.229 55.122 55.014 54.905 54.790 54.672 54.536 54.388 54.240 54.106 53.985 53.815 53.643 53.473 53.302 53.133 52.968 52.802 52.635 52.466 52.340 52.239 52.138 52.037 51.936 51.766 51.609 51.496 51.384 51.264 51.084 50.904 50.604 50.272 49.916 49.526 49.136
60.130 60.044 59.923 59.819 59.717 59.610 59.475 59.340 59.208 59.076 58.930 58.774 58.555 58.284 58.013 57.743 57.503 57.310 57.168 57.025 56.882 56.741 56.621 56.501 56.381 56.257 56.121 56.009 55.894 55.780 55.666 55.552 55.438 55.326 55.219 55.112 55.004 54.895 54.777 54.660 54.532 54.384 54.235 54.087 53.950 53.795 53.624 53.454 53.283 53.109 52.940 52.771 52.602 52.438 52.315 52.205 52.104 52.003 51.902 51.755 51.568 51.402 51.289 51.176 51.007 50.810 50.477 50.144 49.804 49.414 49.024
60.127 60.027 59.907 59.798 59.695 59.578 59.442 59.307 59.175 59.043 58.911 58.768 58.579 58.309 58.038 57.767 57.497 57.300 57.161 57.024 56.888 56.751 56.629 56.509 56.389 56.252 56.103 55.994 55.882 55.768 55.654 55.540 55.426 55.316 55.209 55.103 54.995 54.882 54.765 54.647 54.528 54.379 54.231 54.083 53.935 53.772 53.597 53.422 53.248 53.075 52.906 52.737 52.568 52.418 52.292 52.181 52.071 51.969 51.868 51.744 51.557 51.370 51.195 51.082 50.931 50.682 50.350 50.017 49.684 49.302 48.912
60.123 60.011 59.890 59.777 59.674 59.546 59.410 59.274 59.141 59.010 58.878 58.746 58.604 58.333 58.061 57.788 57.515 57.316 57.174 57.037 56.900 56.763 56.636 56.516 56.396 56.247 56.090 55.976 55.867 55.756 55.642 55.528 55.414 55.306 55.199 55.093 54.985 54.870 54.752 54.635 54.517 54.372 54.218 54.065 53.911 53.737 53.562 53.387 53.212 53.042 52.873 52.704 52.535 52.399 52.272 52.157 52.047 51.937 51.834 51.733 51.546 51.359 51.172 50.988 50.855 50.555 50.223 49.890 49.555 49.171 48.771
60.115 59.994 59.873 59.755 59.649 59.513 59.378 59.242 59.108 58.976 58.845 58.716 58.586 58.349 58.076 57.803 57.538 57.346 57.193 57.049 56.912 56.775 56.644 56.524 56.400 56.243 56.086 55.959 55.850 55.740 55.630 55.515 55.403 55.296 55.189 55.083 54.975 54.855 54.733 54.610 54.487 54.348 54.195 54.041 53.884 53.703 53.527 53.352 53.178 53.009 52.839 52.670 52.506 52.379 52.253 52.133 52.023 51.914 51.804 51.699 51.535 51.348 51.161 50.973 50.764 50.424 50.088 49.753 49.418 49.048 48.620
60.098 59.977 59.857 59.736 59.617 59.481 59.345 59.215 59.084 58.951 58.821 58.692 58.563 58.364 58.091 57.818 57.580 57.385 57.224 57.071 56.924 56.788 56.652 56.532 56.395 56.238 56.081 55.942 55.832 55.723 55.613 55.503 55.393 55.286 55.177 55.067 54.955 54.823 54.701 54.578 54.455 54.324 54.171 54.017 53.851 53.669 53.491 53.317 53.144 52.975 52.806 52.637 52.487 52.360 52.233 52.109 52.000 51.890 51.780 51.670 51.521 51.324 51.127 50.929 50.681 50.300 49.951 49.616 49.280 48.938 48.502
60.081 59.961 59.840 59.720 59.594 59.463 59.333 59.203 59.082 58.934 58.798 58.668 58.539 58.379 58.106 57.832 57.621 57.427 57.254 57.101 56.948 56.800 56.663 56.540 56.391 56.234 56.077 55.925 55.815 55.706 55.598 55.490 55.375 55.266 55.157 55.048 54.933 54.802 54.669 54.546 54.423 54.300 54.147 53.993 53.818 53.636 53.456 53.282 53.111 52.942 52.772 52.603 52.467 52.341 52.214 52.087 51.975 51.853 51.731 51.609 51.472 51.275 51.078 50.881 50.594 50.237 49.835 49.478 49.143 48.807 48.391
60.066 59.946 59.826 59.706 59.582 59.452 59.322 59.193 59.074 58.934 58.783 58.645 58.516 58.386 58.121 57.856 57.662 57.468 57.284 57.131 56.978 56.825 56.675 56.543 56.386 56.229 56.074 55.919 55.804 55.696 55.589 55.479 55.356 55.247 55.137 55.027 54.910 54.785 54.649 54.514 54.391 54.269 54.123 53.966 53.785 53.603 53.421 53.247 53.078 52.908 52.739 52.575 52.448 52.315 52.180 52.049 51.908 51.785 51.663 51.541 51.419 51.227 51.030 50.820 50.508 50.174 49.772 49.370 49.005 48.670 48.281
60.055 59.931 59.811 59.691 59.570 59.440 59.310 59.185 59.066 58.935 58.784 58.633 58.492 58.363 58.135 57.897 57.703 57.509 57.315 57.161 57.008 56.856 56.699 56.542 56.387 56.232 56.077 55.923 55.795 55.688 55.580 55.464 55.338 55.227 55.118 55.005 54.888 54.768 54.632 54.496 54.360 54.237 54.099 53.933 53.751 53.569 53.387 53.214 53.044 52.874 52.703 52.535 52.400 52.266 52.131 52.012 51.888 51.723 51.595 51.473 51.351 51.179 50.982 50.733 50.421 50.109 49.710 49.308 48.906 48.533 48.170
60.069 59.924 59.797 59.677 59.557 59.429 59.298 59.177 59.058 58.935 58.785 58.634 58.483 58.339 58.150 57.938 57.744 57.550 57.355 57.180 57.018 56.855 56.693 56.531 56.390 56.236 56.081 55.926 55.786 55.679 55.571 55.449 55.323 55.207 55.098 54.983 54.866 54.749 54.615 54.479 54.343 54.207 54.075 53.900 53.718 53.534 53.347 53.176 53.005 52.835 52.664 52.493 52.351 52.216 52.082 51.974 51.868 51.703 51.538 51.404 51.283 51.130 50.933 50.647 50.335 50.023 49.647 49.245 48.843 48.441 48.060
60.083 59.937 59.792 59.662 59.542 59.417 59.288 59.169 59.050 58.931 58.785 58.634 58.484 58.333 58.174 57.971 57.767 57.563 57.359 57.174 57.011 56.849 56.686 56.524 56.378 56.237 56.085 55.930 55.777 55.670 55.560 55.434 55.308 55.188 55.078 54.961 54.844 54.727 54.598 54.462 54.326 54.189 54.040 53.855 53.668 53.481 53.295 53.125 52.966 52.795 52.624 52.453 52.302 52.167 52.037 51.937 51.837 51.683 51.518 51.353 51.214 51.082 50.872 50.560 50.248 49.936 49.585 49.182 48.775 48.353 47.931
60.096 59.951 59.806 59.661 59.528 59.405 59.280 59.161 59.042 58.923 58.786 58.633 58.478 58.324 58.162 57.975 57.772 57.568 57.364 57.167 57.005 56.842 56.680 56.518 56.366 56.225 56.084 55.934 55.779 55.661 55.545 55.419 55.293 55.168 55.055 54.938 54.822 54.705 54.570 54.422 54.273 54.125 53.976 53.801 53.614 53.427 53.246 53.072 52.913 52.754 52.585 52.414 52.253 52.118 51.999 51.899 51.800 51.663 51.498 51.333 51.168 51.024 50.785 50.473 50.161 49.852 49.488 49.060 48.638 48.217 47.795
60.108 59.965 59.820 59.675 59.530 59.394 59.272 59.152 59.029 58.907 58.774 58.620 58.465 58.311 58.144 57.963 57.775 57.572 57.368 57.164 56.998 56.836 56.674 56.512 56.355 56.214 56.073 55.932 55.783 55.652 55.530 55.404 55.278 55.152 55.033 54.915 54.797 54.679 54.552 54.357 54.209 54.061 53.912 53.748 53.560 53.373 53.196 53.023 52.860 52.701 52.542 52.375 52.204 52.069 51.962 51.862 51.762 51.642 51.478 51.313 51.148 50.965 50.704 50.395 50.086 49.777 49.377 48.932 48.502 48.080 47.659
60.119 59.979 59.834 59.687 59.531 59.380 59.253 59.130 59.008 58.885 58.761 58.607 58.452 58.296 58.125 57.948 57.761 57.574 57.373 57.169 56.992 56.829 56.668 56.506 56.344 56.202 56.061 55.920 55.779 55.641 55.515 55.389 55.262 55.136 55.009 54.889 54.771 54.653 54.535 54.346 54.145 53.996 53.848 53.694 53.507 53.321 53.147 52.973 52.806 52.648 52.489 52.331 52.164 52.024 51.924 51.824 51.724 51.612 51.422 51.234 51.046 50.858 50.629 50.320 50.011 49.689 49.262 48.823 48.377 47.944 47.522
60.108 59.972 59.817 59.661 59.506 59.366 59.240 59.109 58.986 58.864 58.741 58.594 58.439 58.277 58.107 57.934 57.747 57.560 57.373 57.173 56.985 56.823 56.661 56.500 56.338 56.190 56.049 55.902 55.755 55.617 55.499 55.373 55.246 55.120 54.993 54.866 54.745 54.627 54.509 54.342 54.140 53.937 53.784 53.636 53.453 53.272 53.098 52.924 52.753 52.595 52.436 52.277 52.119 51.982 51.867 51.752 51.637 51.522 51.321 51.126 50.938 50.750 50.554 50.245 49.936 49.574 49.148 48.715 48.268 47.822 47.386
60.075 59.945 59.791 59.635 59.480 59.352 59.229 59.097 58.965 58.842 58.720 58.581 58.426 58.259 58.088 57.917 57.733 57.546 57.359 57.171 56.979 56.817 56.655 56.489 56.321 56.162 56.016 55.869 55.722 55.590 55.473 55.357 55.231 55.104 54.978 54.851 54.724 54.601 54.483 54.339 54.136 53.934 53.731 53.571 53.399 53.223 53.049 52.875 52.701 52.541 52.385 52.228 52.071 51.927 51.773 51.658 51.543 51.428 51.257 51.031 50.831 50.643 50.455 50.170 49.861 49.460 49.034 48.606 48.159 47.713 47.267
60.041 59.912 59.765 59.610 59.458 59.338 59.218 59.087 58.954 58.822 58.698 58.568 58.411 58.240 58.070 57.899 57.719 57.532 57.344 57.153 56.962 56.796 56.629 56.461 56.294 56.129 55.983 55.836 55.691 55.563 55.442 55.329 55.215 55.088 54.962 54.835 54.708 54.581 54.457 54.336 54.133 53.930 53.728 53.525 53.347 53.173 53.001 52.829 52.657 52.495 52.338 52.181 52.028 51.902 51.725 51.563 51.448 51.333 51.192 50.966 50.740 50.536 50.348 50.095 49.772 49.346 48.920 48.493 48.050 47.604 47.158
60.008 59.879 59.740 59.584 59.444 59.324 59.205 59.076 58.944 58.811 58.679 58.554 58.393 58.222 58.051 57.876 57.696 57.503 57.309 57.116 56.929 56.763 56.601 56.434 56.266 56.099 55.950 55.803 55.664 55.536 55.411 55.298 55.185 55.072 54.946 54.819 54.692 54.565 54.438 54.313 54.130 53.927 53.715 53.497 53.297 53.131 52.959 52.787 52.615 52.449 52.292 52.135 51.992 51.865 51.703 51.524 51.354 51.239 51.124 50.901 50.675 50.449 50.240 50.020 49.658 49.232 48.805 48.379 47.941 47.497 47.053
59.975 59.846 59.714 59.558 59.430 59.311 59.191 59.066 58.933 58.801 58.669 58.534 58.362 58.179 57.997 57.815 57.659 57.465 57.272 57.078 56.897 56.725 56.567 56.406 56.239 56.071 55.916 55.770 55.638 55.510 55.382 55.267 55.154 55.041 54.928 54.804 54.677 54.550 54.422 54.292 54.089 53.870 53.651 53.432 53.245 53.081 52.916 52.744 52.572 52.402 52.245 52.089 51.956 51.829 51.681 51.502 51.322 51.145 51.030 50.836 50.610 50.384 50.159 49.944 49.544 49.119 48.694 48.270 47.840 47.396 46.951
59.943 59.813 59.684 59.536 59.417 59.297 59.177 59.055 58.909 58.761 58.612 58.464 58.300 58.118 57.936 57.758 57.610 57.428 57.234 57.043 56.865 56.688 56.529 56.371 56.211 56.044 55.883 55.739 55.611 55.483 55.355 55.236 55.123 55.010 54.897 54.784 54.656 54.526 54.397 54.255 54.024 53.806 53.587 53.373 53.194 53.026 52.866 52.702 52.530 52.358 52.199 52.046 51.919 51.793 51.659 51.480 51.300 51.121 50.941 50.771 50.546 50.321 50.099 49.861 49.436 49.012 48.588 48.164 47.739 47.294 46.850
