00_GRANADA _TO_TEST/00_ANDRES_LATEST/non_consolidated_fine.asc
ncols    501
nrows    1142
xllcorner    2.5
yllcorner    2.5
cellsize    5
NODATA_value    -9999
[rows 864 to 895 of 1142, columns 284 to 354 of 501]
65.104 64.895 64.687 64.478 64.249 63.999 63.749 63.504 63.288 63.043 62.790 62.506 62.217 61.932 61.688 61.449 61.236 61.023 60.830 60.667 60.504 60.342 60.153 60.000 59.876 59.752 59.626 59.488 59.328 59.157 58.986 58.815 58.650 58.499 58.348 58.216 58.184 58.129 58.059 57.987 57.905 57.823 57.739 57.656 57.572 57.465 57.356 57.288 57.239 57.189 57.139 57.082 57.015 56.946 56.871 56.796 56.720 56.670 56.620 56.569 56.522 56.502 56.482 56.449 56.350 56.242 56.119 55.995 55.894 55.795 55.643
64.906 64.697 64.489 64.281 64.062 63.812 63.562 63.329 63.113 62.877 62.624 62.371 62.092 61.803 61.551 61.323 61.109 60.896 60.690 60.527 60.364 60.202 60.039 59.888 59.753 59.617 59.482 59.341 59.207 59.052 58.881 58.710 58.539 58.388 58.237 58.146 58.114 58.069 57.999 57.922 57.840 57.758 57.675 57.592 57.508 57.424 57.322 57.258 57.209 57.158 57.091 57.032 56.963 56.888 56.813 56.739 56.657 56.573 56.523 56.472 56.422 56.397 56.377 56.318 56.219 56.117 55.994 55.871 55.748 55.643 55.511
64.860 64.500 64.291 64.083 63.875 63.626 63.376 63.154 62.938 62.712 62.459 62.206 61.953 61.678 61.415 61.196 60.983 60.769 60.556 60.387 60.225 60.064 59.902 59.744 59.609 59.473 59.338 59.193 59.055 58.926 58.776 58.605 58.434 58.278 58.127 58.075 58.043 58.009 57.938 57.858 57.776 57.694 57.612 57.528 57.444 57.361 57.258 57.197 57.131 57.064 56.997 56.931 56.894 56.831 56.756 56.681 56.602 56.514 56.426 56.376 56.325 56.292 56.272 56.186 56.088 55.989 55.869 55.746 55.623 55.500 55.379
64.833 64.472 64.111 63.885 63.677 63.439 63.195 62.979 62.763 62.547 62.294 62.041 61.788 61.535 61.283 61.065 60.841 60.617 60.400 60.245 60.089 59.927 59.765 59.603 59.465 59.329 59.192 59.045 58.902 58.773 58.645 58.500 58.329 58.168 58.037 58.004 57.972 57.940 57.876 57.794 57.712 57.630 57.534 57.428 57.321 57.215 57.121 57.085 57.037 56.970 56.904 56.837 56.792 56.757 56.698 56.623 56.548 56.460 56.372 56.283 56.229 56.187 56.154 56.055 55.956 55.857 55.744 55.621 55.498 55.380 55.265
64.807 64.446 64.084 63.723 63.479 63.253 63.020 62.804 62.588 62.372 62.128 61.876 61.624 61.373 61.122 60.898 60.674 60.450 60.246 60.079 59.943 59.790 59.628 59.466 59.321 59.186 59.044 58.898 58.751 58.621 58.492 58.364 58.224 58.057 57.966 57.934 57.902 57.870 57.803 57.694 57.585 57.477 57.381 57.278 57.172 57.065 56.995 56.961 56.921 56.877 56.810 56.743 56.690 56.655 56.619 56.566 56.491 56.406 56.317 56.229 56.141 56.082 56.023 55.924 55.825 55.729 55.629 55.512 55.395 55.278 55.168
64.770 64.420 64.058 63.697 63.336 63.066 62.844 62.628 62.401 62.172 61.963 61.716 61.464 61.213 60.961 60.731 60.507 60.283 60.093 59.913 59.777 59.641 59.491 59.329 59.177 59.042 58.897 58.750 58.603 58.468 58.340 58.211 58.083 57.948 57.893 57.832 57.772 57.712 57.639 57.530 57.421 57.313 57.225 57.129 57.022 56.915 56.870 56.837 56.798 56.758 56.716 56.650 56.588 56.553 56.517 56.482 56.433 56.352 56.263 56.175 56.087 55.995 55.900 55.807 55.714 55.622 55.528 55.411 55.294 55.177 55.071
64.722 64.393 64.032 63.671 63.282 62.881 62.636 62.407 62.179 61.946 61.708 61.541 61.305 61.053 60.802 60.564 60.340 60.123 59.939 59.756 59.611 59.475 59.339 59.192 59.033 58.896 58.749 58.602 58.455 58.316 58.187 58.079 57.974 57.862 57.716 57.655 57.595 57.535 57.474 57.366 57.257 57.153 57.069 56.979 56.872 56.778 56.745 56.711 56.674 56.634 56.594 56.554 56.489 56.451 56.415 56.380 56.345 56.297 56.196 56.095 55.994 55.892 55.794 55.699 55.607 55.514 55.421 55.310 55.193 55.078 54.975
64.655 64.310 63.909 63.508 63.106 62.705 62.414 62.185 61.957 61.715 61.459 61.287 61.120 60.893 60.642 60.397 60.173 59.969 59.786 59.603 59.445 59.309 59.173 59.037 58.894 58.748 58.601 58.469 58.346 58.225 58.120 58.016 57.911 57.786 57.638 57.487 57.418 57.358 57.297 57.202 57.093 56.997 56.913 56.829 56.723 56.653 56.619 56.586 56.550 56.510 56.470 56.430 56.390 56.349 56.314 56.280 56.246 56.193 56.094 55.993 55.891 55.790 55.691 55.594 55.499 55.406 55.314 55.208 55.091 54.981 54.878
64.452 64.057 63.732 63.332 62.930 62.529 62.192 61.963 61.735 61.484 61.228 61.032 60.865 60.698 60.482 60.231 60.006 59.816 59.632 59.449 59.279 59.143 59.007 58.879 58.764 58.657 58.533 58.410 58.287 58.164 58.057 57.952 57.847 57.709 57.562 57.412 57.261 57.181 57.121 57.038 56.929 56.841 56.758 56.674 56.573 56.527 56.494 56.461 56.427 56.387 56.353 56.324 56.294 56.251 56.217 56.182 56.148 56.083 55.992 55.890 55.789 55.688 55.588 55.491 55.394 55.299 55.206 55.107 54.990 54.885 54.781
64.232 63.814 63.471 63.145 62.754 62.353 61.970 61.741 61.508 61.253 60.997 60.778 60.611 60.444 60.277 60.071 59.845 59.662 59.479 59.298 59.134 59.022 58.907 58.793 58.678 58.570 58.475 58.352 58.229 58.106 57.994 57.889 57.777 57.632 57.487 57.336 57.185 57.035 56.944 56.874 56.769 56.686 56.602 56.518 56.435 56.402 56.373 56.353 56.330 56.299 56.270 56.240 56.207 56.153 56.119 56.085 56.044 55.973 55.889 55.788 55.687 55.586 55.486 55.388 55.291 55.194 55.098 55.006 54.891 54.788 54.684
63.995 63.578 63.210 62.884 62.559 62.177 61.776 61.519 61.277 61.022 60.766 60.523 60.356 60.189 60.022 59.855 59.709 59.544 59.379 59.215 59.050 58.931 58.821 58.707 58.592 58.478 58.385 58.292 58.170 58.047 57.930 57.826 57.700 57.555 57.410 57.261 57.110 56.959 56.808 56.706 56.614 56.530 56.448 56.388 56.338 56.318 56.297 56.277 56.249 56.216 56.186 56.157 56.115 56.059 56.022 55.987 55.934 55.863 55.787 55.686 55.585 55.484 55.384 55.285 55.188 55.091 54.995 54.898 54.795 54.690 54.584
63.759 63.341 62.949 62.623 62.298 61.972 61.600 61.297 61.046 60.791 60.535 60.280 60.133 60.015 59.898 59.780 59.640 59.461 59.296 59.132 58.967 58.832 58.729 58.620 58.506 58.391 58.293 58.200 58.107 57.989 57.867 57.762 57.624 57.478 57.333 57.185 57.035 56.884 56.733 56.589 56.502 56.442 56.383 56.323 56.264 56.242 56.222 56.202 56.168 56.132 56.103 56.074 56.023 55.967 55.924 55.890 55.824 55.752 55.681 55.584 55.483 55.382 55.282 55.182 55.085 54.988 54.890 54.793 54.689 54.582 54.476
63.522 63.105 62.688 62.362 62.037 61.711 61.386 61.071 60.835 60.628 60.422 60.216 60.064 59.946 59.829 59.708 59.572 59.394 59.214 59.049 58.884 58.732 58.630 58.527 58.420 58.305 58.201 58.108 58.015 57.922 57.808 57.692 57.547 57.401 57.256 57.115 56.973 56.831 56.689 56.547 56.437 56.378 56.318 56.259 56.199 56.167 56.147 56.124 56.087 56.049 56.020 55.986 55.931 55.875 55.826 55.786 55.714 55.642 55.571 55.481 55.381 55.280 55.179 55.077 54.979 54.881 54.783 54.684 54.581 54.474 54.368
63.286 62.868 62.450 62.101 61.778 61.469 61.160 60.944 60.789 60.583 60.377 60.171 59.995 59.877 59.760 59.633 59.497 59.331 59.149 58.966 58.801 58.637 58.530 58.428 58.325 58.219 58.109 58.016 57.923 57.830 57.737 57.615 57.470 57.324 57.179 57.033 56.925 56.788 56.646 56.504 56.373 56.313 56.253 56.194 56.134 56.092 56.072 56.043 56.005 55.968 55.937 55.894 55.839 55.783 55.729 55.676 55.604 55.532 55.467 55.378 55.276 55.174 55.073 54.971 54.872 54.774 54.676 54.575 54.472 54.366 54.260
63.049 62.647 62.246 61.888 61.579 61.271 60.962 60.807 60.683 60.538 60.332 60.126 59.926 59.808 59.691 59.558 59.422 59.269 59.086 58.904 58.721 58.554 58.431 58.328 58.225 58.123 58.018 57.924 57.834 57.744 57.654 57.543 57.393 57.247 57.102 56.956 56.836 56.736 56.604 56.462 56.320 56.249 56.189 56.129 56.069 56.016 55.996 55.962 55.924 55.887 55.853 55.802 55.747 55.692 55.639 55.581 55.522 55.462 55.403 55.288 55.170 55.068 54.966 54.865 54.764 54.667 54.569 54.466 54.363 54.258 54.151
62.874 62.473 62.072 61.690 61.381 61.072 60.795 60.669 60.545 60.421 60.286 60.080 59.874 59.739 59.619 59.483 59.347 59.206 59.023 58.841 58.658 58.476 58.331 58.229 58.134 58.040 57.942 57.844 57.753 57.663 57.572 57.475 57.321 57.170 57.025 56.879 56.747 56.647 56.546 56.419 56.277 56.184 56.124 56.065 56.005 55.945 55.918 55.881 55.843 55.806 55.766 55.722 55.679 55.635 55.586 55.517 55.457 55.398 55.327 55.201 55.082 54.965 54.860 54.759 54.657 54.559 54.461 54.357 54.254 54.150 54.041
62.700 62.299 61.898 61.497 61.182 60.874 60.657 60.532 60.407 60.284 60.160 60.035 59.829 59.670 59.544 59.408 59.272 59.136 58.961 58.778 58.599 58.421 58.256 58.162 58.068 57.975 57.869 57.763 57.673 57.582 57.489 57.392 57.254 57.100 56.948 56.802 56.658 56.558 56.457 56.357 56.235 56.120 56.060 56.000 55.940 55.881 55.837 55.806 55.776 55.747 55.717 55.675 55.632 55.588 55.527 55.453 55.393 55.334 55.241 55.115 54.994 54.876 54.759 54.652 54.551 54.452 54.352 54.248 54.145 54.042 53.927
62.471 62.125 61.724 61.323 60.984 60.675 60.520 60.395 60.270 60.146 60.022 59.898 59.775 59.601 59.468 59.332 59.195 59.055 58.910 58.733 58.556 58.378 58.201 58.097 58.003 57.910 57.795 57.682 57.592 57.502 57.406 57.310 57.186 57.032 56.878 56.725 56.580 56.469 56.368 56.268 56.167 56.056 55.996 55.936 55.875 55.815 55.780 55.755 55.725 55.696 55.666 55.628 55.584 55.541 55.468 55.389 55.329 55.270 55.155 55.029 54.905 54.788 54.670 54.553 54.444 54.345 54.243 54.139 54.036 53.933 53.802
62.210 61.887 61.550 61.149 60.785 60.508 60.383 60.258 60.133 60.008 59.885 59.761 59.638 59.526 59.384 59.244 59.104 58.963 58.826 58.690 58.513 58.335 58.158 58.032 57.938 57.840 57.722 57.604 57.511 57.420 57.323 57.227 57.119 56.965 56.811 56.657 56.503 56.380 56.279 56.181 56.090 55.998 55.930 55.869 55.809 55.752 55.716 55.698 55.674 55.645 55.615 55.580 55.537 55.487 55.409 55.330 55.265 55.194 55.069 54.943 54.817 54.699 54.582 54.464 54.347 54.237 54.138 54.043 53.948 53.841 53.646
61.949 61.625 61.302 60.975 60.587 60.371 60.245 60.120 59.995 59.881 59.768 59.656 59.543 59.433 59.296 59.153 59.013 58.872 58.732 58.600 58.468 58.292 58.115 57.966 57.873 57.767 57.649 57.531 57.430 57.337 57.240 57.144 57.047 56.897 56.743 56.590 56.443 56.310 56.219 56.128 56.037 55.942 55.863 55.803 55.743 55.693 55.655 55.634 55.616 55.594 55.564 55.533 55.489 55.428 55.350 55.271 55.201 55.108 54.982 54.857 54.731 54.611 54.494 54.381 54.268 54.155 54.060 53.966 53.871 53.738 53.555
61.688 61.364 61.041 60.718 60.394 60.240 60.126 60.013 59.899 59.785 59.673 59.560 59.448 59.340 59.213 59.065 58.921 58.781 58.641 58.507 58.374 58.242 58.072 57.901 57.807 57.693 57.575 57.457 57.350 57.254 57.158 57.061 56.965 56.843 56.697 56.551 56.405 56.259 56.166 56.076 55.985 55.886 55.797 55.737 55.676 55.634 55.595 55.569 55.552 55.534 55.513 55.484 55.442 55.369 55.291 55.212 55.137 55.022 54.896 54.773 54.651 54.535 54.422 54.309 54.195 54.082 53.983 53.888 53.794 53.636 53.464
61.427 61.116 60.827 60.538 60.272 60.145 60.032 59.918 59.804 59.690 59.578 59.465 59.354 59.246 59.131 58.983 58.835 58.690 58.550 58.413 58.281 58.149 58.016 57.852 57.738 57.620 57.502 57.384 57.268 57.172 57.076 56.980 56.884 56.782 56.659 56.513 56.367 56.221 56.114 56.023 55.930 55.830 55.731 55.671 55.614 55.575 55.536 55.504 55.487 55.470 55.452 55.433 55.389 55.310 55.232 55.145 55.055 54.944 54.821 54.698 54.576 54.456 54.349 54.236 54.123 54.010 53.906 53.811 53.703 53.534 53.364
61.273 60.984 60.695 60.406 60.185 60.046 59.936 59.823 59.709 59.595 59.482 59.370 59.260 59.153 59.046 58.900 58.752 58.604 58.458 58.320 58.188 58.055 57.923 57.791 57.665 57.550 57.434 57.319 57.203 57.093 56.995 56.899 56.804 56.705 56.593 56.475 56.329 56.183 56.061 55.970 55.874 55.775 55.675 55.604 55.555 55.516 55.477 55.439 55.422 55.405 55.388 55.370 55.313 55.223 55.133 55.043 54.953 54.856 54.746 54.623 54.501 54.378 54.269 54.162 54.051 53.937 53.828 53.734 53.601 53.432 53.262
61.145 60.852 60.563 60.274 60.098 59.947 59.837 59.727 59.614 59.501 59.387 59.275 59.167 59.059 58.952 58.817 58.670 58.522 58.374 58.227 58.095 57.970 57.845 57.720 57.600 57.486 57.370 57.254 57.139 57.027 56.918 56.819 56.723 56.627 56.517 56.405 56.290 56.144 56.008 55.917 55.818 55.719 55.619 55.538 55.496 55.457 55.418 55.379 55.356 55.338 55.320 55.302 55.239 55.121 55.030 54.940 54.850 54.756 54.655 54.548 54.426 54.303 54.190 54.083 53.976 53.865 53.752 53.656 53.499 53.329 53.160
61.018 60.720 60.431 60.165 60.011 59.856 59.738 59.628 59.518 59.406 59.292 59.180 59.073 58.966 58.859 58.735 58.587 58.440 58.293 58.152 58.030 57.905 57.780 57.655 57.532 57.419 57.306 57.190 57.074 56.961 56.852 56.743 56.642 56.546 56.440 56.328 56.216 56.104 55.960 55.862 55.763 55.663 55.563 55.475 55.436 55.396 55.356 55.316 55.289 55.271 55.253 55.226 55.157 55.050 54.932 54.838 54.748 54.657 54.556 54.455 54.351 54.228 54.111 54.004 53.897 53.790 53.680 53.566 53.397 53.227 53.055
60.891 60.588 60.299 60.078 59.924 59.769 59.639 59.529 59.419 59.308 59.197 59.087 58.980 58.873 58.767 58.655 58.509 58.362 58.215 58.084 57.964 57.839 57.714 57.590 57.467 57.352 57.239 57.126 57.010 56.895 56.786 56.677 56.568 56.465 56.364 56.252 56.140 56.028 55.916 55.806 55.708 55.611 55.513 55.415 55.372 55.332 55.292 55.254 55.221 55.203 55.185 55.142 55.073 54.978 54.861 54.743 54.646 54.556 54.457 54.356 54.254 54.153 54.032 53.925 53.818 53.710 53.603 53.451 53.267 53.083 52.899
60.763 60.456 60.167 59.991 59.837 59.682 59.540 59.430 59.320 59.211 59.104 58.996 58.890 58.784 58.678 58.572 58.431 58.284 58.137 58.016 57.899 57.774 57.649 57.525 57.402 57.284 57.171 57.059 56.946 56.830 56.720 56.611 56.501 56.392 56.288 56.175 56.065 55.956 55.848 55.754 55.660 55.562 55.465 55.367 55.308 55.268 55.228 55.191 55.154 55.136 55.118 55.057 54.988 54.907 54.789 54.672 54.554 54.454 54.357 54.256 54.155 54.054 53.953 53.833 53.708 53.583 53.457 53.337 53.111 52.927 52.743
60.613 60.329 60.058 59.904 59.749 59.595 59.445 59.338 59.231 59.124 59.016 58.906 58.802 58.696 58.590 58.483 58.353 58.206 58.064 57.948 57.832 57.708 57.584 57.461 57.337 57.216 57.104 56.991 56.878 56.766 56.653 56.544 56.435 56.326 56.217 56.110 56.001 55.892 55.786 55.692 55.607 55.514 55.416 55.319 55.245 55.205 55.165 55.128 55.092 55.068 55.041 54.973 54.904 54.835 54.718 54.600 54.483 54.365 54.258 54.151 54.036 53.922 53.807 53.686 53.561 53.435 53.316 53.226 53.003 52.771 52.587
60.436 60.173 59.974 59.823 59.672 59.521 59.369 59.251 59.145 59.038 58.927 58.814 58.710 58.607 58.501 58.395 58.275 58.128 57.997 57.881 57.765 57.643 57.519 57.396 57.273 57.149 57.036 56.923 56.811 56.698 56.586 56.476 56.367 56.257 56.151 56.046 55.937 55.828 55.726 55.631 55.544 55.459 55.368 55.271 55.181 55.141 55.103 55.066 55.029 55.000 54.957 54.888 54.819 54.751 54.646 54.524 54.385 54.246 54.107 54.001 53.886 53.772 53.657 53.539 53.413 53.288 53.180 53.090 52.907 52.670 52.433
60.302 60.056 59.894 59.748 59.597 59.446 59.295 59.165 59.058 58.951 58.839 58.725 58.619 58.515 58.411 58.306 58.197 58.050 57.929 57.813 57.697 57.577 57.454 57.331 57.208 57.076 56.968 56.856 56.743 56.630 56.518 56.408 56.298 56.189 56.085 55.982 55.873 55.764 55.667 55.571 55.482 55.397 55.312 55.222 55.125 55.077 55.040 55.003 54.966 54.933 54.872 54.804 54.732 54.661 54.510 54.370 54.231 54.091 53.952 53.841 53.736 53.621 53.507 53.391 53.266 53.141 53.045 52.955 52.810 52.574 52.337
60.187 59.958 59.811 59.667 59.522 59.371 59.220 59.079 58.972 58.864 58.750 58.637 58.528 58.424 58.320 58.216 58.111 57.977 57.861 57.745 57.629 57.506 57.372 57.238 57.103 56.974 56.879 56.788 56.675 56.563 56.450 56.339 56.230 56.121 56.020 55.918 55.809 55.703 55.607 55.512 55.420 55.334 55.249 55.164 55.076 55.014 54.977 54.941 54.896 54.849 54.780 54.708 54.637 54.544 54.359 54.217 54.077 53.937 53.798 53.677 53.575 53.471 53.357 53.242 53.119 53.000 52.909 52.819 52.714 52.477 52.240
60.072 59.876 59.729 59.584 59.440 59.297 59.145 58.994 58.885 58.775 58.661 58.548 58.437 58.333 58.229 58.125 58.021 57.906 57.779 57.652 57.525 57.398 57.265 57.131 56.996 56.877 56.775 56.695 56.608 56.495 56.382 56.271 56.161 56.056 55.954 55.852 55.745 55.643 55.548 55.452 55.357 55.272 55.187 55.102 55.015 54.936 54.889 54.842 54.795 54.747 54.685 54.613 54.542 54.407 54.211 54.065 53.923 53.783 53.644 53.513 53.411 53.309 53.206 53.092 52.971 52.864 52.774 52.683 52.593 52.380 52.144
