00_GRANADA _TO_TEST/00_ANDRES_LATEST/non_consolidated_fine.asc
ncols    501
nrows    1142
xllcorner    2.5
yllcorner    2.5
cellsize    5
NODATA_value    -9999
[rows 0 to 31 of 1142, columns 426 to 496 of 501]
5.879 5.814 5.749 5.673 5.578 5.482 5.387 5.291 5.206 5.126 5.046 4.966 4.886 4.820 4.756 4.692 4.627 4.555 4.461 4.366 4.271 4.176 4.098 4.034 3.971 3.907 3.843 3.754 3.660 3.566 3.471 3.380 3.317 3.253 3.189 3.126 3.049 2.954 2.860 2.766 2.672 2.597 2.516 2.435 2.354 2.275 2.212 2.149 2.087 2.023 1.949 1.854 1.760 1.666 1.572 1.499 1.438 1.376 1.314 1.251 1.161 1.068 0.971 0.874 0.784 0.721 0.657 0.594 0.530 0.451 0.358
5.888 5.823 5.758 5.690 5.595 5.499 5.404 5.308 5.218 5.139 5.059 4.979 4.899 4.829 4.765 4.702 4.638 4.574 4.480 4.385 4.291 4.196 4.109 4.046 3.982 3.918 3.855 3.774 3.679 3.585 3.490 3.395 3.327 3.264 3.200 3.136 3.068 2.973 2.879 2.784 2.690 2.603 2.523 2.444 2.365 2.286 2.220 2.157 2.094 2.030 1.963 1.869 1.774 1.680 1.586 1.504 1.443 1.382 1.320 1.258 1.176 1.081 0.984 0.887 0.790 0.725 0.661 0.598 0.535 0.464 0.372
5.897 5.832 5.767 5.702 5.612 5.516 5.421 5.325 5.231 5.152 5.072 4.993 4.913 4.840 4.777 4.713 4.649 4.586 4.500 4.405 4.310 4.216 4.121 4.057 3.993 3.930 3.866 3.793 3.699 3.604 3.509 3.414 3.338 3.275 3.211 3.147 3.084 2.992 2.897 2.802 2.707 2.615 2.535 2.456 2.377 2.298 2.227 2.164 2.101 2.036 1.972 1.883 1.789 1.694 1.600 1.509 1.448 1.387 1.326 1.264 1.190 1.094 0.997 0.900 0.803 0.730 0.668 0.605 0.542 0.479 0.386
5.906 5.841 5.776 5.711 5.629 5.533 5.438 5.343 5.248 5.167 5.087 5.008 4.929 4.852 4.788 4.724 4.661 4.597 4.520 4.425 4.330 4.235 4.140 4.069 4.005 3.941 3.878 3.813 3.718 3.623 3.529 3.434 3.349 3.285 3.221 3.157 3.092 3.009 2.914 2.819 2.724 2.628 2.547 2.467 2.388 2.309 2.234 2.171 2.108 2.043 1.978 1.898 1.803 1.709 1.614 1.520 1.453 1.392 1.331 1.270 1.204 1.108 1.011 0.914 0.818 0.738 0.675 0.612 0.550 0.486 0.400
5.915 5.850 5.785 5.720 5.647 5.553 5.458 5.363 5.268 5.182 5.103 5.024 4.944 4.865 4.800 4.736 4.672 4.609 4.539 4.445 4.350 4.255 4.160 4.080 4.016 3.953 3.889 3.825 3.738 3.643 3.547 3.452 3.358 3.294 3.230 3.165 3.101 3.026 2.931 2.836 2.740 2.645 2.560 2.480 2.400 2.321 2.242 2.178 2.114 2.050 1.985 1.912 1.818 1.723 1.629 1.534 1.459 1.397 1.336 1.275 1.214 1.123 1.026 0.929 0.834 0.745 0.682 0.620 0.557 0.493 0.415
5.926 5.861 5.796 5.732 5.667 5.572 5.477 5.383 5.288 5.198 5.119 5.039 4.960 4.881 4.811 4.747 4.684 4.620 4.556 4.464 4.370 4.275 4.180 4.091 4.028 3.964 3.900 3.835 3.755 3.660 3.564 3.469 3.373 3.303 3.238 3.174 3.110 3.043 2.948 2.853 2.757 2.662 2.572 2.492 2.412 2.332 2.253 2.185 2.121 2.056 1.991 1.927 1.832 1.739 1.645 1.551 1.466 1.403 1.342 1.281 1.220 1.138 1.041 0.944 0.850 0.756 0.690 0.627 0.564 0.500 0.430
5.937 5.873 5.808 5.744 5.679 5.592 5.497 5.402 5.308 5.213 5.134 5.055 4.976 4.896 4.822 4.759 4.695 4.631 4.568 4.484 4.389 4.294 4.199 4.104 4.037 3.973 3.909 3.844 3.773 3.677 3.582 3.486 3.390 3.312 3.247 3.183 3.119 3.054 2.965 2.869 2.774 2.678 2.585 2.505 2.425 2.345 2.265 2.192 2.128 2.066 2.005 1.940 1.850 1.756 1.663 1.569 1.474 1.410 1.347 1.286 1.225 1.153 1.056 0.960 0.866 0.772 0.697 0.634 0.570 0.507 0.443
5.949 5.884 5.820 5.755 5.691 5.612 5.517 5.422 5.327 5.232 5.150 5.070 4.991 4.912 4.834 4.770 4.706 4.643 4.579 4.503 4.407 4.312 4.216 4.121 4.046 3.982 3.917 3.853 3.789 3.694 3.599 3.503 3.408 3.320 3.256 3.192 3.127 3.063 2.981 2.886 2.790 2.695 2.599 2.517 2.437 2.359 2.282 2.208 2.147 2.086 2.025 1.954 1.868 1.774 1.681 1.586 1.491 1.419 1.355 1.292 1.231 1.168 1.071 0.976 0.882 0.788 0.705 0.641 0.577 0.514 0.450
5.964 5.896 5.831 5.767 5.702 5.631 5.537 5.442 5.347 5.252 5.165 5.086 5.007 4.928 4.848 4.781 4.716 4.652 4.588 4.520 4.425 4.329 4.234 4.138 4.055 3.991 3.926 3.862 3.798 3.711 3.616 3.520 3.425 3.329 3.265 3.201 3.136 3.072 2.998 2.903 2.807 2.712 2.616 2.537 2.460 2.383 2.307 2.230 2.167 2.106 2.045 1.968 1.886 1.792 1.698 1.603 1.508 1.428 1.364 1.300 1.236 1.175 1.086 0.992 0.897 0.803 0.712 0.648 0.585 0.521 0.458
5.984 5.908 5.843 5.779 5.714 5.650 5.556 5.462 5.367 5.272 5.181 5.101 5.021 4.941 4.861 4.790 4.725 4.661 4.597 4.532 4.442 4.346 4.251 4.155 4.064 4.000 3.935 3.871 3.806 3.728 3.633 3.537 3.442 3.346 3.274 3.209 3.145 3.081 3.016 2.920 2.825 2.730 2.635 2.550 2.485 2.408 2.331 2.254 2.187 2.126 2.062 1.982 1.902 1.810 1.716 1.621 1.525 1.437 1.373 1.309 1.245 1.181 1.101 1.007 0.913 0.820 0.726 0.657 0.593 0.530 0.466
6.005 5.919 5.855 5.790 5.726 5.661 5.576 5.481 5.385 5.290 5.194 5.114 5.034 4.954 4.874 4.799 4.734 4.670 4.605 4.541 4.459 4.363 4.268 4.172 4.077 4.008 3.944 3.880 3.815 3.746 3.650 3.555 3.459 3.364 3.283 3.219 3.155 3.091 3.027 2.939 2.844 2.748 2.653 2.560 2.496 2.432 2.355 2.279 2.208 2.147 2.076 1.996 1.916 1.828 1.733 1.638 1.542 1.447 1.382 1.318 1.254 1.190 1.118 1.024 0.930 0.836 0.742 0.665 0.602 0.539 0.475
6.026 5.931 5.866 5.802 5.736 5.671 5.594 5.498 5.403 5.307 5.211 5.127 5.047 4.967 4.887 4.807 4.743 4.679 4.614 4.550 4.476 4.380 4.285 4.189 4.094 4.017 3.953 3.888 3.824 3.760 3.667 3.572 3.477 3.382 3.293 3.229 3.165 3.101 3.037 2.957 2.862 2.767 2.672 2.577 2.506 2.442 2.378 2.303 2.228 2.167 2.090 2.010 1.931 1.845 1.750 1.655 1.560 1.465 1.391 1.327 1.264 1.200 1.136 1.041 0.947 0.853 0.759 0.674 0.611 0.547 0.483
6.046 5.946 5.876 5.811 5.745 5.680 5.611 5.515 5.420 5.324 5.229 5.140 5.060 4.980 4.900 4.820 4.752 4.687 4.623 4.559 4.493 4.398 4.302 4.207 4.111 4.026 3.962 3.898 3.834 3.770 3.686 3.591 3.495 3.400 3.305 3.239 3.175 3.111 3.047 2.976 2.881 2.785 2.690 2.595 2.516 2.452 2.388 2.324 2.251 2.184 2.104 2.024 1.945 1.863 1.768 1.673 1.578 1.483 1.401 1.337 1.274 1.210 1.146 1.059 0.964 0.870 0.776 0.683 0.619 0.556 0.492
6.065 5.965 5.885 5.820 5.755 5.689 5.624 5.532 5.437 5.341 5.246 5.153 5.073 4.993 4.913 4.833 4.761 4.696 4.632 4.567 4.503 4.415 4.319 4.224 4.129 4.036 3.972 3.908 3.844 3.780 3.704 3.609 3.514 3.419 3.324 3.249 3.185 3.121 3.057 2.993 2.899 2.804 2.709 2.613 2.527 2.462 2.398 2.334 2.270 2.198 2.118 2.038 1.959 1.879 1.786 1.691 1.596 1.501 1.411 1.347 1.283 1.219 1.155 1.077 0.982 0.887 0.793 0.699 0.628 0.564 0.500
6.083 5.983 5.894 5.829 5.764 5.698 5.633 5.549 5.454 5.358 5.263 5.167 5.086 5.006 4.926 4.846 4.769 4.705 4.641 4.577 4.513 4.433 4.338 4.242 4.147 4.052 3.982 3.918 3.854 3.790 3.723 3.628 3.532 3.437 3.342 3.259 3.195 3.131 3.067 3.003 2.917 2.822 2.727 2.632 2.537 2.473 2.409 2.345 2.281 2.212 2.132 2.053 1.973 1.893 1.805 1.709 1.614 1.519 1.424 1.357 1.293 1.229 1.165 1.095 1.000 0.905 0.810 0.716 0.637 0.573 0.508
6.101 6.001 5.903 5.838 5.773 5.707 5.642 5.567 5.471 5.376 5.280 5.185 5.099 5.019 4.939 4.859 4.780 4.715 4.651 4.587 4.523 4.451 4.356 4.261 4.166 4.071 3.992 3.928 3.864 3.800 3.736 3.646 3.551 3.456 3.360 3.269 3.205 3.141 3.077 3.013 2.936 2.841 2.745 2.650 2.555 2.483 2.419 2.355 2.291 2.226 2.147 2.067 1.987 1.908 1.823 1.728 1.633 1.538 1.443 1.367 1.303 1.239 1.175 1.111 1.018 0.923 0.828 0.733 0.645 0.582 0.519
6.120 6.020 5.920 5.847 5.782 5.716 5.651 5.584 5.488 5.393 5.297 5.202 5.112 5.033 4.953 4.874 4.794 4.725 4.661 4.597 4.533 4.469 4.374 4.279 4.184 4.089 4.002 3.938 3.874 3.810 3.746 3.664 3.569 3.474 3.379 3.284 3.216 3.151 3.087 3.023 2.954 2.859 2.764 2.669 2.574 2.493 2.429 2.365 2.301 2.237 2.161 2.081 2.002 1.922 1.841 1.746 1.651 1.556 1.461 1.377 1.313 1.249 1.185 1.121 1.036 0.942 0.848 0.753 0.659 0.594 0.531
6.138 6.038 5.938 5.856 5.791 5.726 5.660 5.595 5.506 5.411 5.315 5.220 5.127 5.047 4.967 4.888 4.808 4.735 4.671 4.607 4.543 4.479 4.393 4.298 4.203 4.107 4.012 3.948 3.884 3.820 3.756 3.683 3.588 3.492 3.397 3.302 3.226 3.162 3.098 3.034 2.970 2.878 2.782 2.687 2.592 2.503 2.439 2.375 2.311 2.247 2.175 2.096 2.016 1.936 1.857 1.765 1.670 1.574 1.479 1.387 1.323 1.259 1.196 1.132 1.057 0.963 0.868 0.774 0.680 0.607 0.544
6.156 6.056 5.956 5.865 5.800 5.735 5.670 5.605 5.524 5.429 5.334 5.239 5.143 5.061 4.982 4.902 4.823 4.745 4.681 4.617 4.553 4.489 4.411 4.316 4.221 4.126 4.031 3.958 3.894 3.830 3.766 3.701 3.606 3.511 3.416 3.321 3.236 3.172 3.108 3.044 2.980 2.896 2.801 2.706 2.610 2.515 2.449 2.385 2.321 2.257 2.189 2.110 2.030 1.951 1.871 1.783 1.688 1.593 1.498 1.404 1.335 1.272 1.208 1.145 1.078 0.983 0.889 0.795 0.700 0.619 0.556
6.175 6.075 5.976 5.876 5.810 5.746 5.681 5.616 5.543 5.447 5.352 5.257 5.162 5.076 4.996 4.916 4.837 4.757 4.691 4.627 4.563 4.499 4.430 4.335 4.239 4.144 4.049 3.969 3.905 3.841 3.776 3.712 3.624 3.529 3.434 3.339 3.246 3.182 3.118 3.054 2.990 2.914 2.819 2.724 2.629 2.534 2.459 2.395 2.331 2.267 2.203 2.124 2.044 1.965 1.883 1.803 1.708 1.614 1.519 1.425 1.348 1.284 1.221 1.158 1.094 1.004 0.910 0.815 0.721 0.631 0.568
6.194 6.095 5.995 5.896 5.821 5.756 5.691 5.626 5.561 5.466 5.371 5.275 5.180 5.090 5.010 4.931 4.851 4.772 4.701 4.637 4.573 4.509 4.445 4.353 4.258 4.163 4.068 3.979 3.915 3.851 3.787 3.723 3.643 3.548 3.453 3.357 3.262 3.192 3.128 3.064 3.000 2.933 2.838 2.742 2.647 2.552 2.469 2.405 2.341 2.277 2.212 2.135 2.053 1.971 1.890 1.824 1.729 1.635 1.540 1.446 1.360 1.297 1.234 1.170 1.107 1.025 0.931 0.836 0.742 0.647 0.581
6.214 6.114 6.015 5.915 5.831 5.766 5.701 5.636 5.572 5.484 5.389 5.294 5.199 5.104 5.025 4.945 4.865 4.786 4.711 4.647 4.583 4.519 4.455 4.371 4.276 4.181 4.086 3.991 3.925 3.861 3.797 3.733 3.661 3.566 3.471 3.376 3.281 3.202 3.138 3.074 3.010 2.946 2.856 2.761 2.666 2.571 2.478 2.412 2.346 2.280 2.214 2.141 2.060 1.978 1.900 1.836 1.750 1.656 1.561 1.467 1.373 1.310 1.246 1.183 1.119 1.046 0.951 0.857 0.762 0.668 0.593
6.234 6.134 6.034 5.935 5.841 5.777 5.712 5.647 5.582 5.503 5.408 5.312 5.217 5.122 5.039 4.959 4.880 4.800 4.722 4.658 4.594 4.530 4.466 4.390 4.295 4.200 4.104 4.009 3.935 3.871 3.807 3.743 3.679 3.585 3.489 3.394 3.299 3.212 3.148 3.084 3.020 2.956 2.875 2.780 2.686 2.591 2.497 2.416 2.349 2.282 2.216 2.148 2.066 1.984 1.912 1.849 1.771 1.677 1.582 1.488 1.393 1.322 1.259 1.195 1.132 1.067 0.972 0.878 0.783 0.689 0.606
6.253 6.154 6.054 5.954 5.855 5.787 5.722 5.657 5.592 5.521 5.426 5.331 5.236 5.140 5.053 4.974 4.894 4.814 4.735 4.668 4.604 4.540 4.476 4.408 4.313 4.218 4.123 4.028 3.945 3.881 3.817 3.753 3.689 3.603 3.508 3.413 3.318 3.222 3.158 3.095 3.032 2.968 2.896 2.801 2.707 2.612 2.517 2.432 2.353 2.285 2.219 2.153 2.073 1.991 1.925 1.861 1.792 1.697 1.603 1.508 1.414 1.335 1.271 1.208 1.145 1.081 0.994 0.900 0.806 0.712 0.621
6.273 6.173 6.074 5.974 5.874 5.797 5.732 5.668 5.603 5.538 5.444 5.349 5.254 5.159 5.067 4.988 4.908 4.829 4.749 4.678 4.614 4.550 4.486 4.422 4.332 4.236 4.141 4.046 3.955 3.891 3.827 3.763 3.699 3.621 3.526 3.432 3.337 3.243 3.171 3.108 3.044 2.981 2.916 2.822 2.727 2.633 2.538 2.449 2.370 2.291 2.221 2.155 2.079 2.001 1.937 1.874 1.811 1.718 1.624 1.529 1.435 1.347 1.285 1.222 1.159 1.096 1.017 0.923 0.830 0.736 0.642
6.292 6.193 6.093 5.994 5.894 5.808 5.743 5.678 5.613 5.548 5.463 5.368 5.272 5.177 5.082 5.002 4.923 4.843 4.763 4.688 4.624 4.560 4.496 4.432 4.350 4.255 4.160 4.065 3.969 3.901 3.837 3.774 3.710 3.642 3.547 3.453 3.358 3.263 3.184 3.120 3.057 2.993 2.930 2.843 2.748 2.654 2.559 2.466 2.387 2.308 2.229 2.157 2.086 2.013 1.950 1.887 1.823 1.739 1.645 1.551 1.457 1.364 1.300 1.237 1.174 1.111 1.041 0.947 0.853 0.759 0.665
6.307 6.212 6.113 6.013 5.914 5.818 5.753 5.688 5.623 5.559 5.481 5.386 5.291 5.196 5.101 5.016 4.937 4.857 4.778 4.698 4.634 4.570 4.506 4.442 4.368 4.273 4.178 4.083 3.989 3.913 3.849 3.786 3.723 3.659 3.568 3.473 3.379 3.284 3.196 3.133 3.069 3.006 2.943 2.864 2.769 2.675 2.580 2.486 2.404 2.325 2.246 2.167 2.092 2.026 1.964 1.904 1.844 1.762 1.668 1.575 1.481 1.387 1.315 1.252 1.189 1.126 1.064 0.970 0.876 0.782 0.688
6.319 6.232 6.132 6.033 5.933 5.834 5.763 5.699 5.634 5.569 5.500 5.404 5.309 5.214 5.119 5.031 4.951 4.871 4.792 4.712 4.644 4.580 4.516 4.452 4.388 4.293 4.198 4.104 4.009 3.925 3.862 3.799 3.735 3.672 3.589 3.494 3.400 3.305 3.211 3.145 3.082 3.019 2.955 2.885 2.790 2.696 2.601 2.507 2.420 2.341 2.263 2.187 2.112 2.049 1.989 1.929 1.866 1.786 1.692 1.598 1.504 1.410 1.330 1.267 1.204 1.141 1.079 0.993 0.899 0.806 0.712
6.331 6.252 6.152 6.052 5.953 5.853 5.774 5.709 5.644 5.579 5.514 5.423 5.328 5.233 5.137 5.045 4.965 4.886 4.806 4.727 4.655 4.591 4.528 4.465 4.401 4.314 4.219 4.125 4.030 3.938 3.875 3.811 3.748 3.685 3.610 3.515 3.421 3.326 3.232 3.158 3.095 3.031 2.968 2.904 2.811 2.716 2.622 2.528 2.442 2.368 2.292 2.217 2.141 2.074 2.014 1.954 1.885 1.807 1.715 1.621 1.527 1.433 1.345 1.282 1.219 1.156 1.094 1.017 0.923 0.829 0.735
6.343 6.271 6.172 6.072 5.973 5.873 5.784 5.719 5.654 5.590 5.525 5.441 5.346 5.251 5.156 5.061 4.980 4.901 4.822 4.743 4.676 4.604 4.541 4.477 4.414 4.335 4.240 4.146 4.051 3.957 3.887 3.824 3.761 3.697 3.631 3.536 3.442 3.347 3.253 3.170 3.107 3.044 2.980 2.917 2.833 2.739 2.645 2.551 2.457 2.395 2.322 2.246 2.171 2.100 2.040 1.980 1.904 1.826 1.738 1.644 1.551 1.457 1.363 1.297 1.234 1.171 1.109 1.040 0.946 0.852 0.759
6.355 6.284 6.191 6.092 5.992 5.893 5.794 5.730 5.665 5.600 5.535 5.460 5.365 5.270 5.176 5.081 4.997 4.918 4.839 4.763 4.702 4.627 4.553 4.490 4.426 4.356 4.261 4.167 4.072 3.978 3.900 3.836 3.773 3.710 3.646 3.557 3.462 3.368 3.273 3.183 3.121 3.058 2.995 2.932 2.856 2.762 2.668 2.575 2.481 2.410 2.347 2.276 2.200 2.125 2.065 2.002 1.923 1.845 1.762 1.668 1.574 1.480 1.386 1.312 1.249 1.186 1.124 1.063 0.972 0.880 0.787
6.367 6.296 6.211 6.111 6.012 5.912 5.813 5.740 5.675 5.611 5.547 5.480 5.386 5.291 5.197 5.102 5.013 4.934 4.856 4.786 4.725 4.654 4.578 4.502 4.439 4.376 4.282 4.188 4.093 3.999 3.912 3.849 3.786 3.722 3.659 3.578 3.484 3.390 3.296 3.202 3.136 3.073 3.010 2.947 2.880 2.786 2.692 2.598 2.504 2.425 2.362 2.299 2.229 2.154 2.090 2.021 1.942 1.864 1.785 1.691 1.597 1.503 1.410 1.328 1.267 1.205 1.144 1.082 1.000 0.907 0.815
