00_GRANADA _TO_TEST/00_ANDRES_LATEST/non_consolidated_fine.asc
ncols    501
nrows    1142
xllcorner    2.5
yllcorner    2.5
cellsize    5
NODATA_value    -9999
[rows 448 to 479 of 1142, columns 142 to 212 of 501]
69.285 69.275 69.262 69.245 69.228 69.212 69.204 69.201 69.191 69.168 69.145 69.123 69.152 69.194 69.237 69.285 69.297 69.266 69.246 69.226 69.206 69.174 69.126 69.065 69.003 68.941 68.890 68.843 68.800 68.761 68.723 68.685 68.648 68.610 68.568 68.527 68.491 68.457 68.423 68.388 68.367 68.355 68.347 68.339 68.384 68.469 68.587 68.705 68.824 68.931 68.996 69.120 69.310 69.499 69.529 69.402 69.143 68.705 68.268 68.108 68.016 67.923 67.809 67.435 67.450 67.426 67.403 67.380 67.397 67.475 67.552
69.327 69.316 69.305 69.289 69.271 69.254 69.237 69.231 69.214 69.191 69.168 69.151 69.171 69.219 69.267 69.315 69.304 69.254 69.219 69.199 69.179 69.154 69.107 69.059 68.999 68.937 68.882 68.835 68.795 68.757 68.718 68.680 68.643 68.605 68.567 68.526 68.492 68.458 68.429 68.400 68.379 68.371 68.363 68.355 68.441 68.529 68.604 68.723 68.841 68.959 69.028 69.093 69.201 69.391 69.505 69.378 69.015 68.578 68.141 67.889 67.797 67.704 67.612 67.519 67.455 67.433 67.411 67.389 67.381 67.458 67.535
69.369 69.358 69.347 69.332 69.315 69.298 69.281 69.263 69.246 69.229 69.212 69.195 69.201 69.249 69.297 69.338 69.308 69.264 69.211 69.172 69.151 69.131 69.087 69.039 68.991 68.933 68.874 68.828 68.790 68.752 68.714 68.676 68.638 68.600 68.567 68.536 68.508 68.479 68.450 68.421 68.394 68.386 68.378 68.381 68.497 68.597 68.670 68.743 68.858 68.977 69.059 69.124 69.189 69.283 69.472 69.325 68.888 68.451 68.014 67.670 67.582 67.537 67.492 67.450 67.457 67.443 67.421 67.399 67.377 67.441 67.518
69.410 69.399 69.389 69.375 69.358 69.341 69.324 69.307 69.290 69.273 69.255 69.241 69.231 69.279 69.327 69.342 69.312 69.275 69.221 69.167 69.124 69.104 69.067 69.019 68.971 68.924 68.867 68.823 68.785 68.747 68.712 68.681 68.650 68.619 68.587 68.553 68.523 68.500 68.471 68.442 68.413 68.401 68.393 68.438 68.554 68.665 68.738 68.811 68.884 68.994 69.091 69.156 69.221 69.286 69.364 69.198 68.761 68.364 67.974 67.586 67.541 67.496 67.451 67.421 67.420 67.440 67.430 67.408 67.386 67.424 67.502
69.452 69.441 69.431 69.419 69.402 69.385 69.368 69.351 69.333 69.316 69.299 69.287 69.276 69.309 69.357 69.346 69.316 69.285 69.231 69.178 69.124 69.077 69.047 68.999 68.952 68.904 68.860 68.825 68.793 68.760 68.727 68.701 68.670 68.639 68.607 68.571 68.537 68.515 68.492 68.463 68.434 68.416 68.408 68.494 68.610 68.726 68.806 68.879 68.952 69.025 69.122 69.187 69.252 69.327 69.407 69.193 68.804 68.415 68.025 67.636 67.500 67.455 67.410 67.392 67.383 67.403 67.422 67.418 67.396 67.407 67.485
69.494 69.484 69.473 69.463 69.446 69.428 69.411 69.394 69.377 69.360 69.343 69.332 69.322 69.339 69.380 69.350 69.320 69.290 69.242 69.188 69.134 69.081 69.029 68.991 68.953 68.915 68.877 68.841 68.808 68.775 68.743 68.719 68.690 68.658 68.627 68.589 68.551 68.529 68.506 68.483 68.455 68.432 68.435 68.551 68.667 68.782 68.874 68.947 69.020 69.095 69.174 69.254 69.335 69.415 69.464 69.189 68.849 68.466 68.076 67.687 67.460 67.415 67.373 67.363 67.353 67.365 67.385 67.405 67.406 67.391 67.488
69.539 69.526 69.516 69.505 69.490 69.473 69.455 69.438 69.421 69.404 69.389 69.378 69.367 69.369 69.384 69.354 69.324 69.294 69.252 69.200 69.148 69.096 69.045 69.007 68.969 68.931 68.893 68.856 68.823 68.791 68.761 68.737 68.710 68.678 68.644 68.607 68.569 68.542 68.520 68.497 68.475 68.447 68.492 68.607 68.723 68.837 68.948 69.027 69.105 69.184 69.263 69.343 69.424 69.504 69.439 69.178 68.845 68.504 68.127 67.738 67.419 67.374 67.344 67.334 67.323 67.328 67.348 67.368 67.388 67.393 67.541
69.591 69.572 69.558 69.547 69.534 69.517 69.499 69.481 69.464 69.447 69.435 69.424 69.413 69.402 69.388 69.363 69.341 69.319 69.265 69.217 69.165 69.114 69.062 69.020 68.985 68.948 68.910 68.872 68.839 68.806 68.779 68.755 68.730 68.698 68.662 68.625 68.587 68.556 68.534 68.511 68.488 68.466 68.532 68.630 68.727 68.824 68.966 69.116 69.195 69.274 69.353 69.432 69.512 69.593 69.414 69.153 68.841 68.501 68.160 67.789 67.399 67.333 67.315 67.305 67.294 67.291 67.311 67.331 67.351 67.393 67.555
69.643 69.623 69.604 69.590 69.579 69.561 69.543 69.526 69.508 69.491 69.481 69.468 69.453 69.439 69.419 69.396 69.374 69.347 69.275 69.230 69.183 69.131 69.079 69.032 68.998 68.964 68.927 68.889 68.854 68.822 68.798 68.773 68.749 68.718 68.680 68.642 68.605 68.570 68.548 68.527 68.506 68.484 68.519 68.617 68.714 68.816 68.973 69.125 69.277 69.363 69.442 69.521 69.601 69.650 69.389 69.128 68.838 68.497 68.156 67.815 67.451 67.296 67.286 67.275 67.265 67.272 67.312 67.354 67.395 67.448 67.616
69.694 69.675 69.656 69.637 69.621 69.605 69.588 69.574 69.586 69.541 69.514 69.499 69.484 69.470 69.452 69.429 69.407 69.364 69.291 69.239 69.194 69.148 69.096 69.045 69.010 68.976 68.942 68.906 68.869 68.840 68.816 68.791 68.767 68.735 68.696 68.655 68.613 68.579 68.567 68.545 68.524 68.503 68.506 68.604 68.701 68.823 68.979 69.133 69.284 69.436 69.531 69.610 69.690 69.625 69.364 69.103 68.834 68.493 68.153 67.812 67.471 67.278 67.290 67.301 67.312 67.323 67.356 67.397 67.438 67.532 67.697
69.746 69.727 69.708 69.689 69.703 69.705 69.716 69.728 69.739 69.631 69.563 69.530 69.516 69.501 69.485 69.463 69.440 69.380 69.307 69.248 69.203 69.159 69.113 69.062 69.023 68.989 68.954 68.920 68.885 68.858 68.833 68.806 68.778 68.741 68.699 68.657 68.616 68.588 68.574 68.564 68.543 68.521 68.500 68.590 68.688 68.830 68.986 69.141 69.292 69.444 69.595 69.699 69.779 69.600 69.339 69.078 68.817 68.495 68.170 67.846 67.522 67.402 67.341 67.352 67.363 67.375 67.399 67.440 67.481 67.616 67.781
69.822 69.840 69.857 69.875 69.887 69.859 69.870 69.882 69.879 69.732 69.639 69.584 69.547 69.532 69.517 69.496 69.469 69.396 69.324 69.256 69.212 69.168 69.123 69.079 69.035 69.001 68.967 68.932 68.896 68.867 68.840 68.812 68.783 68.743 68.701 68.660 68.620 68.596 68.578 68.569 68.560 68.540 68.518 68.577 68.680 68.836 68.993 69.149 69.300 69.452 69.603 69.754 69.836 69.576 69.331 69.087 68.843 68.552 68.228 67.904 67.605 67.556 67.476 67.403 67.415 67.426 67.442 67.483 67.536 67.701 67.866
70.017 70.029 70.047 70.064 70.056 70.012 70.024 70.035 69.980 69.833 69.716 69.660 69.605 69.563 69.548 69.529 69.485 69.413 69.340 69.268 69.221 69.177 69.132 69.088 69.046 69.011 68.976 68.940 68.905 68.874 68.846 68.819 68.786 68.745 68.704 68.662 68.628 68.605 68.583 68.574 68.565 68.556 68.537 68.564 68.687 68.843 68.999 69.156 69.308 69.460 69.617 69.776 69.879 69.612 69.368 69.123 68.879 68.610 68.286 67.961 67.755 67.705 67.635 67.550 67.466 67.477 67.488 67.527 67.621 67.785 67.950
70.211 70.219 70.236 70.254 70.224 70.180 70.178 70.189 70.081 69.934 69.792 69.737 69.682 69.626 69.579 69.562 69.502 69.429 69.357 69.286 69.231 69.188 69.144 69.101 69.057 69.020 68.984 68.949 68.913 68.880 68.852 68.825 68.788 68.747 68.706 68.665 68.637 68.614 68.590 68.579 68.570 68.561 68.552 68.551 68.693 68.850 69.010 69.174 69.335 69.494 69.653 69.812 69.877 69.676 69.404 69.160 68.916 68.668 68.344 68.019 67.904 67.855 67.794 67.709 67.624 67.539 67.539 67.570 67.705 67.870 68.034
70.405 70.408 70.426 70.438 70.393 70.348 70.331 70.329 70.182 70.035 69.888 69.814 69.758 69.703 69.648 69.591 69.523 69.456 69.388 69.321 69.255 69.200 69.156 69.113 69.069 69.030 68.993 68.957 68.922 68.886 68.859 68.830 68.790 68.749 68.709 68.669 68.645 68.622 68.599 68.584 68.575 68.566 68.561 68.574 68.717 68.881 69.045 69.208 69.371 69.530 69.689 69.836 69.872 69.756 69.473 69.196 68.952 68.708 68.401 68.103 68.054 68.004 67.952 67.868 67.783 67.698 67.613 67.625 67.789 67.944 68.088
70.599 70.599 70.615 70.606 70.562 70.517 70.485 70.430 70.283 70.136 69.989 69.890 69.831 69.772 69.713 69.721 69.565 69.491 69.424 69.356 69.289 69.226 69.168 69.125 69.081 69.041 69.003 68.966 68.930 68.895 68.865 68.832 68.792 68.752 68.711 68.677 68.654 68.631 68.608 68.604 68.610 68.616 68.622 68.662 68.773 68.915 69.079 69.243 69.407 69.566 69.725 69.831 69.867 69.836 69.553 69.270 68.988 68.744 68.459 68.252 68.203 68.154 68.105 68.027 67.942 67.848 67.731 67.646 67.807 67.951 68.095
70.790 70.793 70.804 70.775 70.731 70.686 70.641 70.531 70.382 70.231 70.080 69.953 69.894 69.835 69.776 69.836 69.763 69.550 69.459 69.391 69.324 69.260 69.197 69.137 69.094 69.051 69.014 68.977 68.940 68.903 68.871 68.834 68.794 68.754 68.713 68.698 68.690 68.681 68.673 68.665 68.671 68.677 68.682 68.749 68.849 68.975 69.114 69.278 69.441 69.602 69.761 69.826 69.862 69.897 69.633 69.349 69.066 68.783 68.517 68.402 68.352 68.302 68.221 68.120 68.002 67.885 67.767 67.650 67.792 67.959 68.103
70.921 70.977 70.988 70.944 70.905 70.875 70.846 70.619 70.468 70.318 70.167 70.016 69.956 69.897 69.852 69.951 69.961 69.748 69.535 69.427 69.359 69.294 69.231 69.168 69.106 69.062 69.024 68.987 68.950 68.913 68.877 68.846 68.822 68.798 68.774 68.760 68.754 68.746 68.737 68.729 68.731 68.737 68.750 68.837 68.926 69.052 69.178 69.312 69.476 69.638 69.785 69.821 69.856 69.892 69.712 69.429 69.146 68.863 68.581 68.494 68.412 68.331 68.248 68.150 68.039 67.922 67.804 67.687 67.746 67.938 68.111
71.050 71.094 71.190 71.159 71.130 71.100 71.071 70.906 70.556 70.404 70.254 70.103 70.018 69.959 69.967 70.066 70.159 69.946 69.733 69.521 69.394 69.328 69.265 69.202 69.139 69.077 69.035 69.006 68.996 68.985 68.949 68.909 68.885 68.861 68.837 68.817 68.815 68.810 68.802 68.793 68.792 68.798 68.838 68.924 69.011 69.129 69.255 69.381 69.510 69.674 69.780 69.816 69.851 69.887 69.792 69.510 69.228 68.945 68.663 68.522 68.441 68.359 68.272 68.178 68.068 67.958 67.841 67.724 67.701 67.892 68.084
71.135 71.179 71.380 71.386 71.355 71.325 71.296 71.216 70.866 70.516 70.340 70.190 70.081 70.022 70.082 70.181 70.280 70.144 69.931 69.719 69.506 69.362 69.299 69.238 69.197 69.157 69.127 69.116 69.105 69.094 69.038 68.987 68.948 68.924 68.900 68.876 68.873 68.870 68.866 68.858 68.853 68.858 68.925 69.012 69.098 69.206 69.332 69.458 69.584 69.710 69.779 69.830 69.881 69.932 69.871 69.592 69.310 69.027 68.745 68.551 68.469 68.388 68.296 68.202 68.096 67.986 67.877 67.760 67.655 67.847 68.038
71.220 71.282 71.534 71.617 71.582 71.550 71.521 71.491 71.177 70.826 70.476 70.276 70.143 70.098 70.197 70.296 70.395 70.342 70.129 69.917 69.701 69.484 69.396 69.356 69.315 69.274 69.236 69.225 69.215 69.199 69.128 69.069 69.028 68.988 68.963 68.939 68.930 68.928 68.926 68.922 68.913 68.926 69.013 69.099 69.186 69.283 69.409 69.522 69.636 69.750 69.831 69.882 69.933 69.974 69.920 69.670 69.392 69.109 68.827 68.579 68.498 68.415 68.321 68.226 68.124 68.015 67.905 67.795 67.680 67.801 67.993
71.305 71.436 71.688 71.847 71.813 71.778 71.746 71.716 71.487 71.137 70.787 70.437 70.212 70.213 70.312 70.411 70.494 70.526 70.316 70.100 69.883 69.666 69.530 69.473 69.433 69.392 69.351 69.335 69.324 69.288 69.217 69.150 69.110 69.069 69.029 69.002 68.987 68.985 68.983 68.981 68.978 69.014 69.100 69.177 69.251 69.326 69.439 69.553 69.667 69.783 69.883 69.934 69.985 69.991 69.937 69.747 69.469 69.191 68.909 68.626 68.526 68.439 68.345 68.250 68.153 68.043 67.933 67.823 67.713 67.755 67.964
71.390 71.590 71.842 72.077 72.043 72.009 71.975 71.941 71.798 71.447 71.097 70.747 70.389 70.292 70.364 70.436 70.508 70.581 70.478 70.282 70.065 69.848 69.670 69.609 69.550 69.509 69.469 69.445 69.434 69.378 69.307 69.236 69.191 69.151 69.111 69.070 69.044 69.042 69.040 69.033 69.021 69.070 69.144 69.218 69.292 69.367 69.470 69.584 69.697 69.817 69.935 69.986 70.037 70.008 69.954 69.824 69.546 69.268 68.990 68.708 68.555 68.463 68.369 68.274 68.180 68.071 67.967 67.864 67.762 67.773 67.981
71.493 71.745 71.996 72.247 72.273 72.239 72.205 72.171 72.106 71.734 71.362 70.990 70.605 70.315 70.379 70.451 70.523 70.595 70.541 70.431 70.247 70.030 69.813 69.750 69.688 69.627 69.586 69.554 69.538 69.467 69.397 69.326 69.273 69.233 69.192 69.148 69.094 69.077 69.065 69.053 69.041 69.056 69.179 69.259 69.334 69.408 69.501 69.614 69.729 69.850 69.971 70.038 70.079 70.025 69.971 69.901 69.623 69.345 69.067 68.789 68.582 68.487 68.397 68.310 68.223 68.125 68.023 67.920 67.825 67.797 67.999
71.647 71.899 72.150 72.402 72.503 72.450 72.393 72.336 72.279 71.962 71.590 71.218 70.786 70.344 70.403 70.465 70.537 70.609 70.604 70.494 70.383 70.212 69.995 69.890 69.829 69.768 69.707 69.664 69.628 69.557 69.486 69.415 69.340 69.286 69.232 69.178 69.125 69.097 69.085 69.073 69.062 69.052 69.165 69.289 69.375 69.449 69.531 69.645 69.762 69.883 70.004 70.090 70.096 70.042 69.989 69.935 69.700 69.422 69.144 68.869 68.620 68.536 68.449 68.362 68.275 68.181 68.079 67.977 67.906 67.877 68.016
71.801 72.031 72.245 72.460 72.621 72.594 72.537 72.480 72.423 72.190 71.818 71.446 70.968 70.456 70.432 70.491 70.552 70.624 70.668 70.557 70.446 70.335 70.177 70.031 69.970 69.908 69.847 69.786 69.706 69.622 69.538 69.453 69.370 69.316 69.262 69.208 69.156 69.118 69.106 69.094 69.083 69.073 69.150 69.274 69.398 69.490 69.564 69.676 69.795 69.916 70.037 70.141 70.113 70.059 70.006 69.967 69.782 69.506 69.231 68.956 68.693 68.584 68.501 68.414 68.327 68.237 68.135 68.033 67.986 67.958 68.034
71.832 72.047 72.261 72.476 72.690 72.701 72.681 72.624 72.567 72.418 72.046 71.661 71.149 70.637 70.461 70.520 70.579 70.638 70.710 70.620 70.509 70.398 70.288 70.172 70.088 69.987 69.886 69.791 69.738 69.660 69.576 69.491 69.407 69.346 69.292 69.238 69.186 69.138 69.126 69.114 69.104 69.094 69.136 69.259 69.383 69.507 69.605 69.707 69.828 69.949 70.071 70.191 70.156 70.118 70.079 70.032 69.868 69.593 69.317 69.044 68.784 68.628 68.548 68.466 68.379 68.291 68.191 68.096 68.067 68.038 68.051
71.702 72.062 72.277 72.492 72.706 72.771 72.780 72.768 72.711 72.646 72.274 71.843 71.331 70.818 70.490 70.549 70.608 70.667 70.726 70.683 70.561 70.414 70.266 70.174 70.079 69.978 69.877 69.803 69.759 69.690 69.614 69.529 69.445 69.376 69.322 69.269 69.217 69.166 69.146 69.135 69.125 69.115 69.121 69.245 69.369 69.493 69.616 69.740 69.861 69.981 70.102 70.222 70.230 70.191 70.152 70.078 69.955 69.679 69.404 69.136 68.876 68.672 68.593 68.513 68.431 68.343 68.247 68.176 68.148 68.119 68.090
71.553 71.914 72.276 72.507 72.722 72.842 72.850 72.859 72.855 72.798 72.502 72.024 71.512 71.000 70.520 70.578 70.636 70.667 70.698 70.634 70.486 70.338 70.191 70.142 70.070 69.969 69.868 69.815 69.777 69.710 69.642 69.567 69.483 69.406 69.352 69.300 69.248 69.197 69.167 69.156 69.146 69.136 69.127 69.231 69.361 69.490 69.619 69.759 69.892 70.012 70.133 70.253 70.303 70.264 70.226 70.124 70.002 69.766 69.490 69.227 68.968 68.717 68.637 68.557 68.477 68.395 68.303 68.257 68.228 68.200 68.177
71.429 71.765 72.127 72.489 72.738 72.913 72.921 72.930 72.938 72.942 72.718 72.206 71.693 71.159 70.618 70.529 70.560 70.591 70.615 70.558 70.411 70.263 70.127 70.110 70.061 69.960 69.864 69.827 69.789 69.731 69.662 69.594 69.521 69.437 69.382 69.331 69.279 69.227 69.187 69.177 69.171 69.164 69.159 69.237 69.366 69.496 69.626 69.770 69.908 70.043 70.164 70.284 70.376 70.338 70.291 70.169 70.047 69.852 69.579 69.319 69.060 68.801 68.681 68.601 68.521 68.441 68.369 68.353 68.336 68.320 68.304
71.344 71.616 71.978 72.340 72.701 72.968 72.992 73.000 73.009 72.961 72.835 72.316 71.775 71.235 70.695 70.453 70.484 70.515 70.513 70.465 70.336 70.188 70.096 70.079 70.052 69.951 69.876 69.839 69.802 69.751 69.682 69.614 69.545 69.475 69.413 69.362 69.313 69.264 69.217 69.211 69.204 69.197 69.197 69.243 69.372 69.501 69.637 69.781 69.920 70.058 70.195 70.315 70.436 70.411 70.337 70.215 70.093 69.939 69.670 69.411 69.152 68.892 68.725 68.658 68.592 68.526 68.499 68.480 68.463 68.447 68.430
71.258 71.467 71.829 72.191 72.552 72.912 72.931 72.839 72.746 72.654 72.523 72.330 71.852 71.312 70.771 70.378 70.409 70.439 70.411 70.364 70.260 70.113 70.064 70.047 70.030 69.941 69.888 69.851 69.814 69.771 69.703 69.634 69.569 69.508 69.453 69.405 69.356 69.308 69.261 69.244 69.238 69.231 69.235 69.249 69.378 69.507 69.647 69.791 69.933 70.070 70.207 70.345 70.467 70.484 70.382 70.261 70.139 70.017 69.762 69.513 69.267 69.022 68.820 68.754 68.688 68.622 68.625 68.621 68.592 68.574 68.557
