in/simple_fast_with_spit/deep_sea_wave_angle.tif
NCOLS 250
NROWS 500
XLLCORNER 0
YLLCORNER 0
CELLSIZE 1
NODATA_VALUE -9999
[rows 156 to 181 of 500, columns 180 to 239 of 250]
275.60214 276.29253 276.97343 277.64475 278.30641 278.95834 279.60045 280.23267 280.85492 281.46712 282.06919 282.66104 283.24259 283.81375 284.37441 284.92449 285.46386 285.99241 286.51 287.01648 287.51171 287.99549 288.46765 288.92796 289.37619 289.8121 290.23538 290.64575 291.04286 291.42635 291.79586 292.15095 292.49121 292.81618 293.1254 293.4184 293.69468 293.95379 294.19527 294.41869 294.62364 294.8098 294.97687 295.12464 295.25299 295.36189 295.45139 295.52169 295.57306 295.60591 295.62072 295.61811 295.59876 295.56346 295.51305 295.44842 295.37051 295.28028 295.1787 295.06673
275.74889 276.4299 277.1014 277.7633 278.4155 279.05793 279.69048 280.31308 280.92563 281.52806 282.12026 282.70215 283.27363 283.8346 284.38497 284.92462 285.45344 285.9713 286.47808 286.97362 287.45777 287.93038 288.39124 288.84017 289.27694 289.70133 290.11307 290.5119 290.89751 291.26959 291.6278 291.97179 292.30118 292.61557 292.91458 293.1978 293.46482 293.71524 293.94868 294.16478 294.36322 294.54373 294.70607 294.85008 294.97569 295.08289 295.17178 295.24252 295.2954 295.3308 295.34919 295.35111 295.33721 295.30819 295.26483 295.20793 295.13834 295.05694 294.96461 294.86222
275.89613 276.568 277.23034 277.88306 278.52606 279.15925 279.78251 280.39577 280.99893 281.59188 282.17453 282.74678 283.30853 283.85967 284.4001 284.9297 285.44835 285.95593 286.4523 286.93733 287.41086 287.87273 288.32277 288.76079 289.18659 289.59995 290.00066 290.38846 290.76308 291.12426 291.4717 291.80508 292.1241 292.42841 292.71769 292.99158 293.24976 293.4919 293.71768 293.92681 294.11904 294.29415 294.45197 294.59239 294.71537 294.82093 294.90919 294.98033 295.03462 295.07241 295.09416 295.10035 295.09159 295.06851 295.03181 294.98222 294.92051 294.84747 294.76388 294.67055
276.04417 276.70714 277.36059 278.00441 278.63848 279.26272 279.877 280.48123 281.07531 281.65912 282.23257 282.79555 283.34794 283.88965 284.42054 284.94052 285.44944 285.9472 286.43364 286.90864 287.37204 287.8237 288.26344 288.6911 289.10648 289.5094 289.89964 290.27699 290.64122 290.99209 291.32934 291.65271 291.96193 292.25672 292.53681 292.80192 293.05176 293.28608 293.50463 293.70719 293.89355 294.06357 294.21712 294.35414 294.47462 294.57862 294.66626 294.73774 294.79332 294.83334 294.8582 294.86838 294.8644 294.84686 294.81638 294.77362 294.71927 294.65404 294.57865 294.49379
276.19326 276.84761 277.49245 278.12766 278.75311 279.36871 279.97434 280.56988 281.15524 281.73029 282.29492 282.84902 283.39248 283.92518 284.447 284.95781 285.4575 285.94593 286.42296 286.88847 287.34231 287.78433 288.21437 288.63227 289.03785 289.43095 289.81138 290.17894 290.53343 290.87464 291.20237 291.51638 291.81645 292.10236 292.37387 292.63078 292.87285 293.09989 293.31171 293.50813 293.68903 293.8543 294.00386 294.1377 294.25584 294.35836 294.4454 294.51717 294.57391 294.61596 294.64368 294.65752 294.65796 294.64551 294.62076 294.58429 294.53673 294.47871 294.41086 294.33383
276.34364 276.98967 277.6262 278.2531 278.87027 279.47757 280.07489 280.66212 281.23913 281.80581 282.36204 282.9077 283.44268 283.96684 284.48006 284.98223 285.4732 285.95286 286.42106 286.87767 287.32255 287.75555 288.17653 288.58533 288.9818 289.36578 289.73709 290.09557 290.44104 290.77333 291.09225 291.39762 291.68925 291.96697 292.2306 292.47995 292.71488 292.93522 293.14084 293.33164 293.50751 293.66841 293.8143 293.94521 294.06118 294.16233 294.2488 294.32081 294.37859 294.42246 294.45276 294.46991 294.47433 294.46651 294.44695 294.41619 294.37478 294.3233 294.2623 294.19236
276.49554 277.13354 277.76207 278.38101 278.99022 279.58958 280.17897 280.75826 281.32734 281.88608 282.43435 282.97203 283.499 284.01512 284.52028 285.01433 285.49716 285.96862 286.4286 286.87694 287.31351 287.73817 288.15079 288.55121 288.93929 289.31488 289.67784 290.02801 290.36524 290.68938 291.00028 291.29778 291.58175 291.85203 292.10849 292.351 292.57945 292.79373 292.99376 293.17946 293.35079 293.50773 293.65031 293.77856 293.89257 293.99246 294.07839 294.15058 294.20926 294.25474 294.28733 294.30741 294.31538 294.31166 294.29673 294.27105 294.23512 294.18945 294.13455 294.07093
276.64911 277.27941 277.90027 278.51158 279.11319 279.70498 280.28683 280.8586 281.42017 281.97141 282.51218 283.04237 283.56183 284.07045 284.56808 285.0546 285.52988 285.99377 286.44616 286.88689 287.31585 287.73288 288.13787 288.53066 288.91112 289.27912 289.63453 289.9772 290.30701 290.62383 290.92754 291.218 291.49511 291.75876 292.00884 292.24526 292.46796 292.67685 292.87191 293.05309 293.22039 293.37384 293.51347 293.63936 293.75161 293.85038 293.93582 294.00814 294.0676 294.11446 294.14903 294.17165 294.18269 294.18254 294.17162 294.15035 294.11918 294.07857 294.02897 293.97085
276.80451 277.42742 278.04096 278.64499 279.23938 279.82399 280.3987 280.96336 281.51786 282.06206 282.59582 283.11901 283.6315 284.13315 284.62384 285.10342 285.57176 286.02874 286.4742 286.90803 287.33009 287.74024 288.13835 288.5243 288.89796 289.25919 289.60788 289.94392 290.26717 290.57754 290.87492 291.15921 291.43032 291.68817 291.93268 292.16381 292.38151 292.58573 292.77648 292.95375 293.11758 293.268 293.40508 293.52893 293.63967 293.73745 293.82245 293.89487 293.95496 294.00297 294.0392 294.06396 294.07759 294.08044 294.0729 294.05535 294.02819 293.99183 293.9467 293.89319
276.96184 277.5777 278.18426 278.78137 279.36891 279.94674 280.51472 281.07272 281.6206 282.15822 282.68546 283.20218 283.70823 284.20349 284.68782 285.16107 285.62313 286.07384 286.51308 286.94072 287.35662 287.76065 288.15269 288.53261 288.90029 289.25561 289.59846 289.92873 290.24632 290.55114 290.84309 291.1221 291.3881 291.64102 291.88083 292.10748 292.32097 292.52127 292.7084 292.8824 293.04331 293.1912 293.32616 293.44831 293.55778 293.65473 293.73934 293.81182 293.8724 293.92133 293.95889 293.98538 294.00109 294.00637 294.00156 293.987 293.96308 293.93015 293.88861 293.83883
277.12118 277.73032 278.33025 278.92082 279.50189 280.07333 280.63501 281.18677 281.72849 282.26004 282.78126 283.29202 283.79219 284.28163 284.7602 285.22775 285.68417 286.1293 286.56303 286.9852 287.39571 287.7944 288.18117 288.5559 288.91845 289.26873 289.60663 289.93205 290.24489 290.54507 290.83252 291.10717 291.36896 291.61786 291.85382 292.07685 292.28692 292.48406 292.6683 292.83968 292.99826 293.14414 293.27741 293.39821 293.50666 293.60294 293.68723 293.75973 293.82068 293.8703 293.90886 293.93665 293.95394 293.96105 293.95829 293.946 293.92452 293.89419 293.85535 293.80838
277.28255 277.88532 278.47897 279.06336 279.63836 280.20382 280.75961 281.30558 281.84161 282.36755 282.88327 283.38861 283.88345 284.36765 284.84106 285.30355 285.75499 286.19523 286.62415 287.04161 287.44748 287.84163 288.22395 288.59432 288.95262 289.29874 289.63258 289.95405 290.26307 290.55955 290.84343 291.11465 291.37316 291.61894 291.85195 292.0722 292.27969 292.47445 292.65651 292.82594 292.9828 293.12719 293.25922 293.37901 293.48672 293.5825 293.66654 293.73903 293.80021 293.85029 293.88953 293.91819 293.93655 293.94489 293.94353 293.93276 293.91291 293.88431 293.84729 293.80218
277.44597 278.0427 278.63042 279.20901 279.77831 280.33819 280.88852 281.42915 281.95995 282.48077 282.99148 283.49194 283.98201 284.46154 284.93041 285.38847 285.83559 286.27162 286.69645 287.10993 287.51193 287.90234 288.28103 288.64788 289.00278 289.34563 289.67632 289.99477 290.30089 290.5946 290.87585 291.14457 291.40073 291.64429 291.87524 292.09358 292.29931 292.49247 292.67309 292.84123 292.99698 293.14041 293.27164 293.3908 293.49803 293.59349 293.67735 293.74982 293.81109 293.86141 293.90099 293.93011 293.94902 293.95801 293.95736 293.94738 293.92837 293.90064 293.86453 293.82037
277.61141 278.20243 278.78457 279.35771 279.9217 280.47641 281.02169 281.55741 282.08344 282.59962 283.10584 283.60193 284.08778 284.56323 285.02815 285.4824 285.92585 286.35836 286.7798 287.19003 287.58894 287.97638 288.35225 288.71642 289.06879 289.40924 289.73767 290.05401 290.35815 290.65002 290.92957 291.19672 291.45144 291.6937 291.92347 292.14075 292.34555 292.53788 292.71779 292.88532 293.04054 293.18355 293.31444 293.43333 293.54035 293.63566 293.71943 293.79184 293.8531 293.90342 293.94304 293.9722 293.99117 294.00021 293.99961 293.98968 293.97071 293.94302 293.90693 293.86277
277.77879 278.36443 278.94134 279.50939 280.06844 280.61836 281.15901 281.69025 282.21195 282.72398 283.22618 283.71843 284.20059 284.67253 285.13409 285.58515 286.02558 286.45523 286.87398 287.28169 287.67823 288.06349 288.43733 288.79965 289.15031 289.48923 289.81629 290.1314 290.43446 290.72541 291.00417 291.27067 291.52486 291.7667 291.99616 292.21323 292.41789 292.61017 292.79007 292.95765 293.11295 293.25606 293.38704 293.50602 293.61311 293.70846 293.79221 293.86456 293.92568 293.9758 294.01513 294.04393 294.06246 294.07098 294.06979 294.05919 294.03949 294.011 293.97406 293.929
277.94801 278.52859 279.1006 279.66391 280.21839 280.7639 281.30032 281.8275 282.34532 282.85363 283.35231 283.84122 284.32023 284.78919 285.24797 285.69644 286.13446 286.56191 286.97864 287.38452 287.77944 288.16326 288.53585 288.8971 289.24689 289.58511 289.91164 290.22639 290.52927 290.82017 291.09902 291.36575 291.62029 291.86258 292.09258 292.31025 292.51557 292.70853 292.88913 293.0574 293.21336 293.35707 293.48859 293.60801 293.71544 293.81099 293.89481 293.96707 294.02795 294.07766 294.11642 294.14447 294.16208 294.16954 294.16712 294.15516 294.13397 294.10388 294.06524 294.0184
278.11896 278.69478 279.26221 279.82112 280.37138 280.91285 281.44542 281.96894 282.4833 282.98835 283.48396 283.97001 284.44636 284.91288 285.36943 285.81589 286.25211 286.67797 287.09333 287.49807 287.89205 288.27515 288.64724 289.00819 289.35789 289.69621 290.02304 290.33827 290.64179 290.93351 291.21331 291.48112 291.73684 291.98041 292.21176 292.43082 292.63755 292.83191 293.01388 293.18346 293.34063 293.48544 293.61792 293.73812 293.84614 293.94207 294.02604 294.09821 294.15874 294.20784 294.24574 294.27268 294.28893 294.29478 294.29055 294.27656 294.25316 294.2207 294.17955 294.13009
278.29147 278.86283 279.42599 279.98081 280.52718 281.06497 281.59405 282.1143 282.6256 283.1278 283.6208 284.10445 284.57863 285.04321 285.49805 285.94304 286.37803 286.8029 287.21752 287.62174 288.01546 288.39852 288.77081 289.1322 289.48255 289.82174 290.14965 290.46615 290.77112 291.06444 291.34601 291.6157 291.87342 292.11905 292.35252 292.57371 292.78257 292.97902 293.16299 293.33446 293.49338 293.63975 293.77357 293.89489 294.00374 294.10021 294.18442 294.25648 294.31658 294.3649 294.40167 294.42714 294.4416 294.44536 294.43874 294.4221 294.39581 294.36025 294.31583 294.26294
278.46535 279.03253 279.5917 280.14275 280.68555 281.21999 281.74593 282.26328 282.77189 283.27165 283.76244 284.24412 284.71659 285.1797 285.63334 286.07737 286.51167 286.93611 287.35055 287.75487 288.14894 288.53262 288.90577 289.26827 289.61997 289.96075 290.29046 290.60897 290.91615 291.21184 291.49593 291.76826 292.02872 292.27716 292.51345 292.73749 292.94914 293.1483 293.33488 293.50878 293.66994 293.81831 293.95386 294.07659 294.18651 294.28368 294.36819 294.44015 294.49972 294.54709 294.58248 294.60617 294.61845 294.61965 294.61012 294.59024 294.56043 294.5211 294.47269 294.41563
278.6404 279.20366 279.75912 280.30667 280.8462 281.37759 281.90073 282.4155 282.92179 283.41947 283.90844 284.38857 284.85974 285.32183 285.77471 286.21827 286.65238 287.0769 287.49172 287.89669 288.29169 288.67657 289.0512 289.41545 289.76915 290.11218 290.44437 290.76558 291.07564 291.37441 291.66171 291.93738 292.20126 292.45318 292.69298 292.92049 293.13556 293.33802 293.52774 293.70459 293.86845 294.01922 294.15684 294.28125 294.39246 294.49047 294.57535 294.6472 294.70616 294.75243 294.78624 294.80785 294.81758 294.81579 294.80287 294.77923 294.74531 294.70159 294.64853 294.58663
278.81637 279.37595 279.92796 280.47228 281.00882 281.53745 282.05808 282.57059 283.07488 283.57083 284.05833 284.53727 285.00754 285.469 285.92156 286.36508 286.79945 287.22454 287.64021 288.04634 288.4428 288.82943 289.2061 289.57267 289.92896 290.27484 290.61012 290.93465 291.24823 291.55069 291.84184 292.12149 292.38942 292.64544 292.88934 293.12091 293.33994 293.54623 293.73959 293.91984 294.0868 294.24034 294.38034 294.5067 294.61937 294.71835 294.80367 294.87541 294.93371 294.97874 295.01074 295.03001 295.03688 295.03173 295.01498 294.98709 294.94855 294.89987 294.84158 294.77421
278.99302 279.54915 280.09793 280.63927 281.17306 281.6992 282.21759 282.72813 283.23071 283.72523 284.21159 284.68968 285.15939 285.6206 286.0732 286.51709 286.95213 287.3782 287.79517 288.20292 288.6013 288.99017 289.36938 289.73878 290.09819 290.44745 290.78637 291.11476 291.43243 291.73915 292.03471 292.31888 292.59142 292.85208 293.10061 293.33675 293.56024 293.77083 293.96827 294.15231 294.32274 294.47936 294.62201 294.75053 294.86485 294.96492 295.05073 295.12236 295.17992 295.22359 295.25363 295.27033 295.27404 295.2652 295.24424 295.21169 295.16807 295.11394 295.0499 294.97653
279.17008 279.72296 280.26872 280.80729 281.33855 281.86243 282.37883 282.88765 283.38879 283.88216 284.36766 284.8452 285.31465 285.77593 286.22892 286.67351 287.10958 287.53701 287.95567 288.36543 288.76615 289.15769 289.53987 289.91255 290.27553 290.62864 290.97167 291.30441 291.62664 291.93811 292.23857 292.52775 292.80537 293.07114 293.32475 293.5659 293.79428 294.00956 294.21144 294.39963 294.57384 294.73382 294.87934 295.01022 295.12633 295.22757 295.31393 295.38544 295.44222 295.48444 295.51235 295.52628 295.52661 295.51378 295.4883 295.45072 295.40163 295.34164 295.2714 295.19156
279.34726 279.89706 280.44 280.97598 281.50493 282.02675 282.54136 283.04868 283.54861 284.04107 284.52596 285.0032 285.47267 285.93429 286.38795 286.83355 287.27096 287.70006 288.12074 288.53286 288.93627 289.33082 289.71635 290.09268 290.45962 290.81698 291.16452 291.50201 291.8292 292.14582 292.45158 292.74618 293.02928 293.30054 293.55962 293.80615 294.03975 294.26005 294.46669 294.6593 294.83754 295.0011 295.14969 295.28308 295.40109 295.5036 295.59054 295.66194 295.71789 295.75857 295.78424 295.79524 295.79197 295.77494 295.74467 295.70177 295.64688 295.58068 295.50388 295.41719
279.52427 280.07115 280.61141 281.14498 281.67177 282.19172 282.70473 283.21073 283.70965 284.20139 284.68589 285.16304 285.63275 286.09495 286.54952 286.99636 287.43536 287.86641 288.28938 288.70412 289.11051 289.50838 289.89755 290.27784 290.64905 291.01096 291.36333 291.7059 292.03838 292.36048 292.67186 292.97218 293.26107 293.53814 293.80298 294.05517 294.29427 294.51985 294.73148 294.92873 295.1112 295.27851 295.43032 295.56634 295.68635 295.79017 295.87772 295.949 296.00409 296.04317 296.06651 296.07445 296.06745 296.04602 296.01075 295.96231 295.90138 295.82871 295.74507 295.65123
279.7008 280.24489 280.78262 281.31391 281.83869 282.35689 282.86845 283.3733 283.87136 284.36255 284.84681 285.32405 285.79419 286.25714 286.7128 287.16109 287.60188 288.03508 288.46054 288.87813 289.28771 289.68912 290.08216 290.46665 290.84236 291.20907 291.5665 291.91438 292.2524 292.58021 292.89745 293.20374 293.49865 293.78174 294.05255 294.31061 294.55541 294.78645 295.00324 295.20528 295.39212 295.56329 295.71842 295.85715 295.97921 296.08439 296.17258 296.24374 296.29794 296.33537 296.3563 296.36111 296.35025 296.32431 296.28391 296.22975 296.16261 296.08328 295.9926 295.89141
