in/simple_fast_with_spit/deep_sea_wave_angle.tif
NCOLS 250
NROWS 500
XLLCORNER 0
YLLCORNER 0
CELLSIZE 1
NODATA_VALUE -9999
[rows 52 to 77 of 500, columns 180 to 239 of 250]
253.17198 254.79478 256.3804 257.92884 259.44009 260.9142 262.35121 263.7512 265.11427 266.44053 267.7301 268.98315 270.19983 271.38033 272.52483 273.63355 274.7067 275.74453 276.74727 277.7152 278.64857 279.54768 280.41283 281.24431 282.04246 282.80762 283.54012 284.24033 284.90862 285.54539 286.15104 286.72599 287.27067 287.78553 288.27104 288.72767 289.15592 289.5563 289.92935 290.2756 290.59561 290.88996 291.15923 291.40404 291.62499 291.82271 291.99784 292.15104 292.28297 292.39429 292.48568 292.55783 292.61141 292.64713 292.66567 292.66772 292.65397 292.62512 292.58183 292.5248
253.29025 254.90986 256.4923 258.03756 259.54566 261.01664 262.45056 263.84752 265.2076 266.53094 267.81768 269.06797 270.28198 271.4599 272.60193 273.70829 274.77919 275.81488 276.81561 277.78163 278.71323 279.61069 280.4743 281.30438 282.10124 282.86521 283.59665 284.2959 284.96334 285.59934 286.20431 286.77866 287.3228 287.83717 288.32223 288.77845 289.20631 289.60631 289.97896 290.32479 290.64435 290.93821 291.20694 291.45113 291.6714 291.86837 292.04267 292.19496 292.32591 292.43617 292.52645 292.59742 292.64979 292.68426 292.70154 292.70232 292.68731 292.65721 292.61272 292.55453
253.41714 255.03366 256.61306 258.15532 259.6605 261.12863 262.5598 263.9541 265.31164 266.63256 267.91701 269.16514 270.37715 271.55322 272.69357 273.7984 274.86796 275.90248 276.90222 277.86745 278.79843 279.69545 280.55881 281.38881 282.18578 282.95003 283.68189 284.38173 285.0499 285.68675 286.29268 286.86808 287.41334 287.92889 288.41515 288.87257 289.30159 289.7027 290.07637 290.4231 290.74341 291.03784 291.30694 291.55127 291.77143 291.96802 292.14167 292.29303 292.42275 292.53151 292.62002 292.68897 292.73909 292.7711 292.78575 292.78376 292.76587 292.73282 292.68534 292.62415
253.55255 255.16606 256.74252 258.28196 259.78443 261.24998 262.67871 264.07072 265.42613 266.7451 268.02778 269.27435 270.48499 271.65991 272.79932 273.90344 274.97253 276.00681 277.00656 277.97203 278.90351 279.80127 280.66561 281.49684 282.29525 283.06117 283.79492 284.49684 285.16726 285.80653 286.41501 286.99306 287.54106 288.05938 288.54843 289.00859 289.44029 289.84395 290.22 290.5689 290.89112 291.18716 291.4575 291.7027 291.92329 292.11987 292.29303 292.44342 292.57168 292.67851 292.76461 292.83072 292.87759 292.90599 292.91669 292.91049 292.88816 292.85051 292.79831 292.73233
253.69632 255.30686 256.88049 258.41726 259.9172 261.38041 262.80698 264.19704 265.55072 266.86817 268.14957 269.39511 270.60498 271.7794 272.91858 274.02277 275.0922 276.12713 277.12782 278.09455 279.02758 279.92719 280.79369 281.62736 282.4285 283.19742 283.93443 284.63984 285.31397 285.95714 286.56967 287.1519 287.70416 288.22678 288.72011 289.1845 289.6203 290.02788 290.40761 290.75988 291.0851 291.38371 291.65613 291.90287 292.12442 292.32132 292.49415 292.64353 292.77011 292.87459 292.95769 293.02018 293.06285 293.08653 293.09204 293.08025 293.05202 293.00819 292.94963 292.87718
253.84819 255.45581 257.02669 258.56089 260.05849 261.51956 262.94423 264.33264 265.68492 267.00126 268.28183 269.52684 270.73649 271.911 273.05061 274.15557 275.22611 276.26251 277.26502 278.23393 279.16949 280.072 280.94174 281.779 282.58407 283.35723 284.09877 284.809 285.48819 286.13665 286.75464 287.34247 287.9004 288.42874 288.92775 289.39773 289.83895 290.25172 290.63632 290.99308 291.32231 291.62438 291.89965 292.14855 292.37151 292.56905 292.74169 292.89003 293.01471 293.11645 293.19599 293.25413 293.29172 293.30965 293.30883 293.29018 293.25466 293.20321 293.13678 293.0563
254.0079 255.61259 257.18077 258.7125 260.20787 261.66698 263.08997 264.47698 265.82818 267.14375 268.42389 269.66881 270.87873 272.05389 273.19452 274.30089 275.37324 276.41184 277.41697 278.3889 279.3279 280.23425 281.10824 281.95013 282.7602 283.53874 284.286 285.00225 285.68774 286.34274 286.96748 287.56219 288.1271 288.66244 289.16841 289.64521 290.09306 290.51216 290.90272 291.26496 291.59911 291.90545 292.18425 292.43587 292.66067 292.8591 293.03166 293.17892 293.30151 293.40015 293.47561 293.52874 293.56046 293.57171 293.56349 293.53684 293.49279 293.4324 293.35673 293.26678
254.17508 255.77683 257.34232 258.87163 260.36487 261.82216 263.24363 264.62946 265.97983 267.29494 268.57499 269.8202 271.03083 272.2071 273.34927 274.45761 275.53238 276.57386 277.58231 278.55802 279.50125 280.41229 281.29141 282.13886 282.95492 283.73984 284.49385 285.2172 285.91011 286.57278 287.2054 287.80815 288.38119 288.92467 289.43871 289.92345 290.37899 290.80544 291.2029 291.5715 291.91137 292.22267 292.50561 292.76042 292.98742 293.18697 293.35955 293.50567 293.62598 293.72119 293.79212 293.83966 293.86478 293.86852 293.85199 293.81631 293.76264 293.69215 293.60601 293.50535
254.34935 255.9481 257.51088 259.0378 260.52896 261.9845 263.40459 264.78941 266.13915 267.45403 268.73426 269.9801 271.19178 272.36956 273.51372 274.62452 275.70223 276.74714 277.75953 278.73966 279.68782 280.60427 281.48929 282.34312 283.166 283.95818 284.71986 285.45125 286.15251 286.82382 287.46531 288.07709 288.65925 289.21186 289.73496 290.22857 290.6927 291.12736 291.53254 291.90825 292.25451 292.57138 292.85894 293.11735 293.34683 293.5477 293.72035 293.8653 293.98315 294.07466 294.14065 294.18207 294.19999 294.19553 294.16988 294.1243 294.06007 293.97848 293.88083 293.76838
254.53026 256.12593 257.68595 259.21044 260.69953 262.15338 263.57216 264.95607 266.30532 267.62015 268.90078 270.14748 271.3605 272.54012 273.68662 274.80027 275.88135 276.93016 277.94697 278.93207 279.88573 280.80821 281.69976 282.56063 283.39105 284.19122 284.96132 285.70152 286.41195 287.09271 287.74389 288.36553 288.95763 289.52018 290.05313 290.55639 291.02986 291.47344 291.88701 292.27043 292.62363 292.94652 293.23911 293.50143 293.73364 293.93595 294.10873 294.25244 294.3677 294.45524 294.51596 294.55086 294.56107 294.54781 294.51239 294.45619 294.38063 294.28712 294.1771 294.05197
254.71736 256.30981 257.86698 259.38898 260.87596 262.3281 263.74559 265.12865 266.4775 267.79238 269.07355 270.32128 271.53585 272.71754 273.86663 274.98342 276.06821 277.12127 278.1429 279.13338 280.09298 281.02196 281.92056 282.78901 283.62751 284.43625 285.21537 285.96499 286.68522 287.37608 288.0376 288.66974 289.27243 289.84556 290.38897 290.90249 291.38589 291.83894 292.26139 292.65299 293.01353 293.34282 293.64073 293.90721 294.14229 294.34614 294.51906 294.66149 294.77402 294.85742 294.9126 294.94064 294.94273 294.92022 294.87453 294.80715 294.71965 294.61359 294.49054 294.35205
254.91012 256.49921 258.05338 259.57278 261.05757 262.50794 263.92411 265.3063 266.65476 267.96974 269.25152 270.50038 271.71661 272.90051 274.05237 275.1725 276.2612 277.31876 278.34548 279.34164 280.3075 281.24332 282.14933 283.02573 283.87272 284.69044 285.47902 286.23852 286.96899 287.67041 288.34274 288.98585 289.5996 290.18376 290.7381 291.2623 291.75603 292.21892 292.65061 293.05072 293.41889 293.75481 294.05824 294.32901 294.56708 294.77252 294.94559 295.08668 295.19639 295.27549 295.32494 295.34587 295.33957 295.30748 295.25115 295.17221 295.07235 294.95329 294.81673 294.66438
255.10804 256.69356 258.24456 259.7612 261.24366 262.69215 264.1069 265.48816 266.83617 268.15122 269.4336 270.6836 271.90152 273.08768 274.24238 275.36594 276.45867 277.52087 278.55282 279.55482 280.52713 281.46999 282.38362 283.26822 284.12394 284.9509 285.74919 286.51885 287.25985 287.97212 288.65553 289.30991 289.93499 290.53047 291.09599 291.63113 292.13543 292.60839 293.04952 293.4583 293.83426 294.17694 294.48598 294.76112 295.00221 295.20926 295.38246 295.52217 295.62898 295.70369 295.74728 295.76095 295.7461 295.70425 295.63707 295.54633 295.43386 295.30153 295.1512 294.98469
255.31056 256.89227 258.43988 259.95356 261.43351 262.87996 264.29314 265.67332 267.02078 268.3358 269.61869 270.86975 272.08931 273.27769 274.43521 275.56219 276.65894 277.72578 278.763 279.77088 280.74968 281.69964 282.62097 283.51383 284.37837 285.21467 286.02279 286.80269 287.55433 288.27755 288.97217 289.63791 290.27443 290.88132 291.45811 292.00427 292.5192 293.0023 293.45292 293.87042 294.25418 294.60364 294.9183 295.1978 295.4419 295.65053 295.82383 295.96213 296.066 296.13626 296.17395 296.18032 296.15685 296.10517 296.02708 295.92447 295.79933 295.65365 295.48945 295.30871
255.51714 257.09476 258.63872 260.14919 261.6264 263.07058 264.48199 265.8609 267.20762 268.52243 269.80567 271.05764 272.2787 273.46916 274.62937 275.75965 276.86032 277.9317 278.97409 279.98776 280.97297 281.92995 282.85889 283.75995 284.63324 285.47881 286.29668 287.08677 287.84898 288.58309 289.28883 289.96586 290.61374 291.23196 291.81994 292.37703 292.90252 293.39565 293.85567 294.28179 294.67327 295.02941 295.34962 295.6334 295.88044 296.0906 296.26396 296.40082 296.50175 296.56758 296.59938 296.59849 296.56646 296.50502 296.4161 296.30171 296.16398 296.00506 295.8271 295.63221
255.72721 257.30045 258.84045 260.34742 261.82161 263.26324 264.67261 266.05 267.39572 268.71009 269.99343 271.24609 272.46841 273.66073 274.8234 275.95676 277.06113 278.13683 279.18417 280.20342 281.19482 282.15861 283.09495 284.00398 284.88579 285.74041 286.5678 287.36785 288.14038 288.88514 289.60177 290.28984 290.94883 291.57813 292.17705 292.74482 293.28062 293.78355 294.25274 294.68726 295.08625 295.44889 295.77447 296.06241 296.31228 296.52389 296.69726 296.83267 296.93068 296.99213 297.01815 297.01013 296.9697 296.8987 296.79916 296.67323 296.52318 296.35128 296.15983 295.95109
255.94025 257.50874 259.04444 260.54759 262.01841 263.45719 264.8642 266.23975 267.58415 268.89776 270.1809 271.43392 272.65719 273.85106 275.01588 276.15199 277.25974 278.33944 279.39139 280.41587 281.41312 282.38336 283.32674 284.24338 285.13334 285.99662 286.83314 287.64276 288.42522 289.18022 289.90733 290.60603 291.27573 291.9157 292.52515 293.1032 293.64891 294.16127 294.63926 295.08186 295.48805 295.85692 296.18764 296.47953 296.73208 296.94504 297.11836 297.25233 297.34747 297.40467 297.42507 297.41014 297.36157 297.28132 297.17151 297.03443 296.87246 296.68801 296.48353 296.26139
256.1557 257.71906 259.2501 260.74904 262.21613 263.65167 265.05595 266.42928 267.772 269.08446 270.36701 271.62002 272.84385 274.03886 275.20541 276.34387 277.45456 278.53782 279.59394 280.6232 281.62583 282.60204 283.55196 284.47571 285.37331 286.24472 287.08984 287.90847 288.70031 289.46499 290.20201 290.91078 291.59061 292.24068 292.86011 293.44791 294.00301 294.52429 295.01062 295.46084 295.87384 296.24858 296.58413 296.87972 297.13477 297.34895 297.52219 297.65473 297.74711 297.80021 297.81523 297.79368 297.73734 297.64825 297.52865 297.38093 297.20759 297.01119 296.79427 296.55935
256.37305 257.93087 259.45683 260.95114 262.4141 263.84598 265.2471 266.61779 267.9584 269.26927 270.55079 271.80331 273.02722 274.22289 275.39069 276.53098 277.6441 278.73038 279.79012 280.82358 281.83101 282.81258 283.76844 284.69865 285.60324 286.48212 287.33516 288.16211 288.96263 289.73628 290.4825 291.20063 291.88987 292.54935 293.17807 293.77493 294.33877 294.86836 295.36244 295.81975 296.23907 296.61925 296.95927 297.25828 297.51561 297.73088 297.90399 298.03513 298.12487 298.17409 298.18402 298.15623 298.09258 297.99518 297.86637 297.70865 297.52463 297.31698 297.08838 296.84146
256.5918 258.14365 259.66408 261.15333 262.61169 264.03946 265.43696 266.80453 268.14252 269.45132 270.73128 271.9828 273.20625 274.40202 275.57049 276.71202 277.82695 278.91562 279.97832 281.01531 282.02684 283.01306 283.97411 284.91004 285.82084 286.7064 287.56655 288.401 289.20937 289.99114 290.74572 291.47235 292.17017 292.83823 293.47541 294.08055 294.65237 295.18954 295.69069 296.15447 296.57954 296.96467 297.30875 297.61083 297.87021 298.08643 298.25935 298.38917 298.47642 298.52201 298.52721 298.49364 298.4232 298.31811 298.18078 298.01381 297.81992 297.60188 297.36248 297.10445
256.8115 258.35691 259.87134 261.35504 262.80832 264.23147 265.62484 266.98877 268.32362 269.62978 270.90763 272.15755 273.37994 274.57519 275.74367 276.88577 278.00182 279.09215 280.15707 281.19683 282.21166 283.20172 284.16712 285.10789 286.02401 286.91534 287.78167 288.62268 289.43793 290.22687 290.98882 291.72299 292.42844 293.10411 293.74884 294.36135 294.94029 295.48421 295.99168 296.46122 296.89142 297.28095 297.62863 297.93343 298.19459 298.41161 298.58431 298.71286 298.79781 298.84008 298.84096 298.80211 298.72551 298.61343 298.46836 298.29299 298.09014 297.86267 297.61347 297.34536
257.03172 258.5702 260.07813 261.55578 263.00346 264.42147 265.81016 267.16988 268.50102 269.80394 271.07905 272.32673 273.5474 274.74143 275.90922 277.05114 278.16754 279.25874 280.32505 281.36673 282.38397 283.37695 284.34576 285.29041 286.21086 287.10694 287.97842 288.82493 289.646 290.44103 291.20928 291.94991 292.6619 293.34415 293.99539 294.61429 295.19938 295.74917 296.2621 296.73664 297.17128 297.56462 297.91539 298.22252 298.48519 298.70284 298.87529 299.00267 299.08554 299.12482 299.12184 299.07829 298.9962 298.8779 298.72596 298.54314 298.33233 298.0965 297.8386 297.56155
257.25206 258.7831 260.28402 261.7551 263.19663 264.60894 265.99238 267.3473 268.6741 269.97315 271.24486 272.48962 273.70784 274.89992 276.06624 277.20718 278.32309 279.4143 280.48111 281.52376 282.54246 283.53737 284.50856 285.45603 286.37972 287.27945 288.15495 289.00581 289.83154 290.63148 291.40487 292.15078 292.86816 293.55583 294.21248 294.83667 295.4269 295.98157 296.49907 296.97778 297.41612 297.81263 298.16597 298.47502 298.7389 298.95704 299.1292 299.25552 299.33654 299.37321 299.36686 299.31923 299.23239 299.10871 298.95083 298.76158 298.54391 298.30085 298.03545 297.75069
257.47219 258.99528 260.48866 261.95261 263.38743 264.79346 266.17104 267.52054 268.84235 270.13686 271.40447 272.64558 273.8606 275.04993 276.21396 277.35307 278.46761 279.5579 280.62424 281.66688 282.68601 283.68178 284.65425 285.60342 286.5292 287.43139 288.30969 289.16368 289.99281 290.79642 291.57367 292.32362 293.04515 293.73703 294.39789 295.02624 295.62051 296.17903 296.70014 297.18214 297.62341 298.02242 298.37777 298.68831 298.9531 299.17155 299.3434 299.46878 299.54822 299.58267 299.5735 299.52245 299.43164 299.30348 299.14065 298.94604 298.72267 298.47361 298.20198 297.91081
257.69179 259.20641 260.69171 262.14797 263.57551 264.97466 266.34577 267.6892 269.00536 270.29462 271.5574 272.7941 274.00513 275.1909 276.35178 277.48816 278.60039 279.68879 280.75366 281.79524 282.81371 283.80922 284.78182 285.7315 286.65814 287.56153 288.44136 289.29718 290.12842 290.93436 291.71416 292.46683 293.1912 293.88601 294.54984 295.18114 295.77829 296.33959 296.8633 297.34769 297.79108 298.19188 298.54867 298.86024 299.12564 299.34424 299.51576 299.64032 299.71845 299.75112 299.73968 299.68591 299.59195 299.46024 299.29352 299.09469 298.86682 298.61304 298.3365 298.0403
257.91064 259.41625 260.89292 262.34093 263.7606 265.15226 266.51626 267.85297 269.16278 270.44609 271.70329 272.9348 274.14103 275.32237 276.47921 277.61194 278.7209 279.80641 280.86876 281.90819 282.92488 283.91896 284.89049 285.83943 286.76567 287.66897 288.549 289.4053 290.23727 291.04418 291.82516 292.57917 293.30503 294.00144 294.66694 295.29995 295.8988 296.46175 296.98703 297.47286 297.91752 298.3194 298.67703 298.98918 299.25487 299.47345 299.64463 299.76851 299.84563 299.87693 299.86381 299.80805 299.71179 299.57751 299.40796 299.20609 298.97498 298.7178 298.43773 298.1379
