in/simple_fast_with_spit/deep_sea_wave_angle.tif
NCOLS 250
NROWS 500
XLLCORNER 0
YLLCORNER 0
CELLSIZE 1
NODATA_VALUE -9999
[rows 104 to 129 of 500, columns 120 to 179 of 250]
170.10024 171.53557 172.99602 174.48073 175.98877 177.5192 179.07098 180.64306 182.23436 183.84374 185.47005 187.11209 188.76867 190.43855 192.1205 193.81327 195.51559 197.22621 198.94386 200.66729 202.39524 204.12648 205.85977 207.59389 209.32767 211.05991 212.78946 214.5152 216.23602 217.95085 219.65865 221.3584 223.04911 224.72984 226.39968 228.05774 229.70319 231.3352 232.953 234.55586 236.14307 237.71396 239.26791 240.80431 242.32259 243.82224 245.30275 246.76366 248.20454 249.62497 251.0246 252.40307 253.76006 255.0953 256.40851 257.69945 258.96791 260.21369 261.43662 262.63655
171.39791 172.82233 174.27105 175.74324 177.238 178.7544 180.29147 181.84818 183.42348 185.01626 186.62541 188.24978 189.88821 191.5395 193.20245 194.87585 196.55847 198.2491 199.94651 201.64947 203.35677 205.06721 206.77958 208.4927 210.20542 211.91658 213.62507 215.32977 217.02962 218.72357 220.41059 222.0897 223.75993 225.42036 227.07009 228.70827 230.33405 231.94664 233.54529 235.12927 236.69788 238.25047 239.78642 241.30513 242.80605 244.28865 245.75244 247.19696 248.62178 250.0265 251.41074 252.77416 254.11644 255.43729 256.73644 258.01364 259.26868 260.50136 261.71149 262.89891
172.68501 174.09863 175.53574 176.99554 178.47718 179.97975 181.50229 183.04382 184.60333 186.17974 187.77197 189.37891 190.99944 192.63238 194.27659 195.93089 197.59408 199.26499 200.94242 202.62519 204.31211 206.00201 207.69373 209.38612 211.07804 212.76839 214.45606 216.13998 217.81911 219.49242 221.15891 222.81762 224.46761 226.10798 227.73783 229.35634 230.96269 232.55609 234.13581 235.70112 237.25136 238.78587 240.30403 241.80528 243.28904 244.75482 246.20212 247.63048 249.03948 250.42871 251.79781 253.14643 254.47425 255.78097 257.06634 258.3301 259.57202 260.7919 261.98956 263.16483
173.96134 175.36424 176.78986 178.23741 179.70607 181.19496 182.70316 184.22972 185.77363 187.33389 188.90943 190.49918 192.10205 193.71691 195.34263 196.97808 198.62211 200.27356 201.93129 203.59412 205.26093 206.93057 208.60191 210.27383 211.94523 213.61502 215.28214 216.94554 218.6042 220.25712 221.90334 223.5419 225.17189 226.79243 228.40264 230.00172 231.58887 233.16331 234.72432 236.2712 237.80329 239.31993 240.82054 242.30454 243.77139 245.22057 246.6516 248.06403 249.45745 250.83144 252.18565 253.51972 254.83335 256.12623 257.3981 258.6487 259.87781 261.08523 262.27075 263.43422
175.22671 176.61898 178.0332 179.46863 180.92445 182.39983 183.89386 185.40562 186.93416 188.47847 190.03754 191.61033 193.19578 194.79279 196.40029 198.01716 199.64228 201.27454 202.91282 204.55601 206.20297 207.85262 209.50384 211.15556 212.8067 214.4562 216.10304 217.74618 219.38463 221.01743 222.64361 224.26228 225.87251 227.47346 229.06429 230.64418 232.21235 233.76807 235.31061 236.83928 238.35344 239.85246 241.33575 242.80273 244.25288 245.6857 247.1007 248.49745 249.87552 251.23453 252.57409 253.89389 255.19359 256.4729 257.73156 258.9693 260.18592 261.38119 262.55492 263.70694
176.48096 177.86267 179.2656 180.68902 182.13214 183.59415 185.07418 186.57133 188.08467 189.61325 191.15607 192.71213 194.28039 195.85981 197.44932 199.04786 200.65433 202.26767 203.88678 205.51057 207.13796 208.76789 210.39927 212.03106 213.66221 215.29169 216.9185 218.54164 220.16015 221.77307 223.37949 224.97851 226.56924 228.15085 229.72253 231.28347 232.83292 234.37014 235.89445 237.40516 238.90163 240.38325 241.84944 243.29964 244.73333 246.15002 247.54924 248.93054 250.29352 251.63778 252.96297 254.26874 255.55478 256.82081 258.06654 259.29174 260.49616 261.67961 262.84189 263.98283
177.72396 179.09518 180.4869 181.89842 183.32897 184.77775 186.24394 187.72665 189.22499 190.73803 192.26481 193.80436 195.35567 196.91772 198.4895 200.06996 201.65805 203.25272 204.85291 206.45758 208.06567 209.67614 211.28795 212.90008 214.5115 216.12123 217.72829 219.3317 220.93052 222.52384 224.11074 225.69036 227.26185 228.82437 230.37714 231.91938 233.45035 234.96932 236.47563 237.96861 239.44762 240.91208 242.36141 243.79507 245.21254 246.61334 247.99701 249.36311 250.71124 252.04101 253.35207 254.64408 255.91674 257.16975 258.40285 259.61579 260.80834 261.9803 263.13146 264.26166
178.95558 180.31638 181.69698 183.0967 184.51479 185.95049 187.40298 188.87143 190.35495 191.85265 193.3636 194.88685 196.42143 197.96636 199.52064 201.08326 202.65322 204.22948 205.81102 207.39683 208.98588 210.57717 212.16967 213.7624 215.35438 216.94462 218.53219 220.11613 221.69553 223.26949 224.83715 226.39763 227.95012 229.49381 231.02792 232.5517 234.06443 235.5654 237.05395 238.52943 239.99123 241.43877 242.87147 244.28882 245.69031 247.07545 248.44381 249.79495 251.12847 252.444 253.74119 255.0197 256.27924 257.51951 258.74026 259.94124 261.12222 262.28299 263.42338 264.54319
180.17574 181.52617 182.89572 184.28374 185.68949 187.11224 188.55119 190.00553 191.47441 192.95695 194.45227 195.95943 197.4775 199.00553 200.54256 202.08759 203.63966 205.19776 206.76092 208.32813 209.8984 211.47077 213.04423 214.61784 216.19063 217.76165 219.32999 220.89473 222.45497 224.00985 225.5585 227.10011 228.63385 230.15896 231.67466 233.18024 234.67496 236.15817 237.6292 239.08743 240.53225 241.96309 243.37941 244.78068 246.16642 247.53615 248.88943 250.22584 251.545 252.84654 254.1301 255.39537 256.64205 257.86986 259.07853 260.26783 261.43753 262.58744 263.71735 264.82711
181.38436 182.72447 184.08305 185.45945 186.85297 188.26289 189.68844 191.12883 192.58323 194.05081 195.53068 197.02197 198.52375 200.03511 201.5551 203.08279 204.61721 206.15741 207.70243 209.2513 210.80306 212.35676 213.91145 215.4662 217.02006 218.57214 220.12151 221.66731 223.20866 224.7447 226.27462 227.7976 229.31286 230.81963 232.31718 233.80478 235.28176 236.74744 238.20119 239.6424 241.07047 242.48486 243.88502 245.27045 246.64067 247.99521 249.33365 250.65558 251.96062 253.24839 254.51858 255.77086 257.00493 258.22052 259.41739 260.59529 261.754 262.89333 264.01308 265.11311
182.58137 183.91121 185.25889 186.62376 188.00516 189.40236 190.81465 192.24124 193.68133 195.13411 196.59874 198.07434 199.56004 201.05495 202.55814 204.06871 205.58573 207.10828 208.6354 210.16619 211.69969 213.23499 214.77117 216.30732 217.84253 219.37591 220.90659 222.4337 223.95641 225.47389 226.98532 228.48993 229.98695 231.47564 232.95527 234.42516 235.88462 237.33302 238.76973 240.19415 241.60571 243.00387 244.38811 245.75793 247.11285 248.45244 249.77627 251.08394 252.37508 253.64933 254.90637 256.1459 257.36761 258.57124 259.75655 260.92331 262.0713 263.20034 264.31023 265.40082
183.76672 185.08634 186.42318 187.7766 189.14597 190.53058 191.92973 193.34267 194.76861 196.20677 197.65633 199.11645 200.58628 202.06494 203.55156 205.04525 206.5451 208.05023 209.55971 211.07266 212.58816 214.10532 215.62325 217.14105 218.65786 220.17281 221.68505 223.19374 224.69807 226.19723 227.69044 229.17693 230.65596 232.12681 233.58878 235.04118 236.48338 237.91473 239.33462 240.74249 242.13778 243.51994 244.88847 246.2429 247.58275 248.90761 250.21705 251.51068 252.78815 254.04911 255.29323 256.52023 257.72981 258.92173 260.09573 261.25159 262.38912 263.50812 264.60842 265.68986
184.9404 186.24983 187.57588 188.91794 190.27537 191.6475 193.03364 194.43306 195.84501 197.26872 198.70339 200.14822 201.60237 203.065 204.53526 206.01229 207.49521 208.98315 210.47524 211.9706 213.46835 214.96762 216.46754 217.96726 219.46593 220.9627 222.45676 223.94729 225.43349 226.91459 228.38982 229.85845 231.31974 232.77299 234.21753 235.6527 237.07785 238.49238 239.89571 241.28725 242.66647 244.03286 245.38591 246.72517 248.05017 249.36051 250.65577 251.93559 253.1996 254.44747 255.6789 256.89358 258.09126 259.27168 260.43459 261.5798 262.7071 263.81631 264.90727 265.97982
186.10237 187.40165 188.71697 190.04773 191.39331 192.75307 194.12632 195.51236 196.91047 198.31989 199.73985 201.16957 202.60824 204.05504 205.50916 206.96974 208.43596 209.90696 211.38189 212.8599 214.34014 215.82177 217.30394 218.78583 220.26661 221.74546 223.22159 224.69421 226.16254 227.62582 229.08333 230.53432 231.97812 233.41402 234.84137 236.25953 237.66788 239.06583 240.4528 241.82824 243.19162 244.54245 245.88024 247.20454 248.5149 249.81092 251.09222 252.35842 253.60918 254.84417 256.0631 257.26569 258.45166 259.62079 260.77283 261.9076 263.02489 264.12454 265.20638 266.27027
187.25262 188.54179 189.84643 191.16596 192.49979 193.84727 195.20775 196.58055 197.96495 199.36024 200.76566 202.18045 203.60383 205.03501 206.47319 207.91755 209.36728 210.82156 212.27957 213.74047 215.20344 216.66767 218.13235 219.59665 221.05979 222.52097 223.97942 225.43437 226.88507 228.33079 229.77081 231.20443 232.63096 234.04975 235.46015 236.86154 238.25331 239.6349 241.00573 242.36529 243.71305 245.04853 246.37126 247.6808 248.97673 250.25864 251.52616 252.77894 254.01664 255.23895 256.44558 257.63626 258.81072 259.96875 261.11012 262.23463 263.34211 264.43239 265.50533 266.56077
188.39115 189.67024 190.96425 192.27263 193.59477 194.93008 196.2779 197.63758 199.00843 200.38974 201.78078 203.18082 204.5891 206.00485 207.42729 208.85564 210.28911 211.7269 213.1682 214.61223 216.05818 217.50525 218.95266 220.39963 221.84537 223.28913 224.73014 226.16767 227.601 229.02939 230.45217 231.86864 233.27815 234.68006 236.07373 237.45857 238.83399 240.19943 241.55435 242.89824 244.23059 245.55092 246.8588 248.15378 249.43546 250.70345 251.95739 253.19694 254.42176 255.63156 256.82607 258.00501 259.16814 260.31524 261.44611 262.56055 263.65839 264.73949 265.80369 266.85087
189.51798 190.78702 192.07045 193.36772 194.67827 196.0015 197.33678 198.68346 200.04089 201.40837 202.78519 204.17065 205.56401 206.96452 208.37143 209.78398 211.2014 212.62291 214.04774 215.47512 216.90427 218.33443 219.76481 221.19468 222.62327 224.04984 225.47367 226.89402 228.3102 229.72151 231.12728 232.52684 233.91956 235.30481 236.68198 238.0505 239.40978 240.75929 242.09851 243.42693 244.74406 246.04945 247.34266 248.62328 249.8909 251.14515 252.38569 253.61217 254.82429 256.02175 257.20429 258.37166 259.52362 260.65995 261.78047 262.88499 263.97335 265.04541 266.10104 267.14011
190.63312 191.89213 193.16503 194.45127 195.7503 197.06154 198.38437 199.71819 201.06232 202.41612 203.77889 205.14994 206.52855 207.91401 209.30558 210.70253 212.1041 213.50955 214.91813 216.32909 217.74167 219.15514 220.56874 221.98174 223.39341 224.80304 226.2099 227.61332 229.01259 230.40705 231.79604 233.17892 234.55508 235.92389 237.28479 238.63719 239.98055 241.31434 242.63806 243.95121 245.25332 246.54396 247.82269 249.08912 250.34285 251.58354 252.81083 254.02442 255.22399 256.40927 257.57999 258.73593 259.87686 261.00256 262.11287 263.2076 264.28661 265.34976 266.39693 267.42802
191.73659 192.98561 194.24801 195.52328 196.81087 198.11021 199.42071 200.74176 202.07274 203.413 204.76186 206.11866 207.48271 208.85329 210.22972 211.61126 212.99719 214.3868 215.77934 217.1741 218.57034 219.96734 221.36438 222.76075 224.15573 225.54864 226.93879 228.32549 229.70808 231.08592 232.45836 233.82479 235.1846 236.5372 237.88203 239.21853 240.54618 241.86445 243.17286 244.47093 245.75822 247.03428 248.29871 249.55112 250.79114 252.01842 253.23263 254.43346 255.62063 256.79387 257.95292 259.09756 260.22757 261.34277 262.44298 263.52803 264.5978 265.65214 266.69096 267.71415
192.82843 194.06748 195.31944 196.58379 197.86 199.14753 200.4458 201.75421 203.07216 204.39901 205.73412 207.07683 208.42648 209.78237 211.14383 212.51016 213.88066 215.25462 216.63134 218.01011 219.39023 220.77099 222.15169 223.53165 224.91018 226.28661 227.66025 229.03047 230.39661 231.75805 233.11417 234.46436 235.80804 237.14464 238.47362 239.79442 241.10655 242.4095 243.70279 244.98598 246.25861 247.52028 248.77058 250.00913 251.23559 252.44961 253.65088 254.83911 256.014 257.17532 258.32281 259.45626 260.57548 261.68027 262.77047 263.84594 264.90654 265.95215 266.98268 267.99804
193.90868 195.13779 196.37934 197.63283 198.89774 200.17355 201.45968 202.75556 204.0606 205.37418 206.69568 208.02446 209.35987 210.70125 212.04793 213.39924 214.75449 216.11301 217.47411 218.83711 220.20132 221.56605 222.93065 224.29442 225.65672 227.01687 228.37425 229.7282 231.07812 232.42338 233.76338 235.09755 236.42531 237.74612 239.05944 240.36476 241.66156 242.94938 244.22774 245.49621 246.75437 248.0018 249.23813 250.46299 251.67603 252.87694 254.0654 255.24114 256.40389 257.55339 258.68943 259.8118 260.9203 262.01477 263.09504 264.16098 265.21248 266.24942 267.27171 268.27927
194.97738 196.19657 197.42776 198.67044 199.92413 201.18829 202.46238 203.74585 205.0381 206.33854 207.64658 208.96158 210.28291 211.60995 212.94202 214.27849 215.6187 216.96198 218.30766 219.65509 221.00359 222.35252 223.70122 225.04902 226.3953 227.73941 229.08073 230.41864 231.75254 233.08184 234.40594 235.7243 237.03635 238.34157 239.63944 240.92945 242.21112 243.48398 244.74759 246.00153 247.24537 248.47873 249.70124 250.91254 252.11231 253.30023 254.47602 255.63938 256.79008 257.92788 259.05256 260.16392 261.26178 262.34599 263.41639 264.47286 265.51528 266.54357 267.55763 268.55742
196.03458 197.24389 198.46474 199.69668 200.93921 202.19181 203.45396 204.7251 206.00469 207.29213 208.58683 209.8882 211.19563 212.50848 213.82613 215.14794 216.47329 217.80151 219.13198 220.46404 221.79705 223.13038 224.46339 225.79544 227.12591 228.45419 229.77967 231.10175 232.41985 233.73338 235.0418 236.34455 237.64109 238.93092 240.21352 241.48841 242.75513 244.01322 245.26225 246.50181 247.7315 248.95094 250.15977 251.35766 252.54428 253.71934 254.88256 256.03366 257.17241 258.29858 259.41198 260.5124 261.59968 262.67367 263.73423 264.78125 265.81462 266.83426 267.8401 268.83208
197.08034 198.27978 199.49036 200.7116 201.94303 203.18415 204.43445 205.69339 206.96042 208.23498 209.51649 210.80438 212.09804 213.39688 214.70027 216.00761 217.31827 218.63164 219.94708 221.26397 222.5817 223.89963 225.21715 226.53365 227.84853 229.16119 230.47104 231.7775 233.08 234.37798 235.67091 236.95825 238.23948 239.5141 240.78163 242.04159 243.29353 244.53702 245.77164 246.99698 248.21266 249.41833 250.61362 251.79822 252.97182 254.13413 255.28487 256.4238 257.55069 258.66531 259.76748 260.85702 261.93376 262.99757 264.04831 265.08589 266.1102 267.12118 268.11875 269.10288
198.11472 199.30433 200.50465 201.71526 202.93566 204.16538 205.40392 206.65075 207.90534 209.16714 210.4356 211.71015 212.9902 214.27518 215.56449 216.85752 218.15369 219.45238 220.75298 222.0549 223.35753 224.66027 225.96251 227.26367 228.56316 229.8604 231.15482 232.44586 233.73297 235.0156 236.29324 237.56536 238.83147 240.09107 241.34371 242.58891 243.82625 245.05531 246.27567 247.48694 248.68877 249.88079 251.06268 252.23411 253.3948 254.54445 255.68282 256.80967 257.92476 259.0279 260.1189 261.19759 262.26382 263.31746 264.35839 265.38651 266.40174 267.40402 268.39328 269.36949
199.13778 200.31758 201.5077 202.70771 203.91716 205.13556 206.36242 207.59725 208.83951 210.08868 211.34422 212.60556 213.87216 215.14344 216.41882 217.69772 218.97956 220.26376 221.54972 222.83685 224.12458 225.41232 226.69948 227.9855 229.2698 230.55182 231.83102 233.10684 234.37875 235.64623 236.90876 238.16586 239.41702 240.6618 241.89971 243.13034 244.35324 245.56802 246.77427 247.97163 249.15974 250.33825 251.50685 252.66523 253.81311 254.95021 256.07629 257.19112 258.29449 259.38619 260.46606 261.53393 262.58966 263.63314 264.66424 265.68288 266.68899 267.6825 268.66338 269.63158
