in/simple_fast_with_spit/deep_sea_wave_angle.tif
NCOLS 250
NROWS 500
XLLCORNER 0
YLLCORNER 0
CELLSIZE 1
NODATA_VALUE -9999
[rows 442 to 467 of 500, columns 60 to 119 of 250]
277.94947 278.12044 278.29135 278.4622 278.63297 278.80367 278.97427 279.14477 279.31517 279.48546 279.65562 279.82566 279.99556 280.16532 280.33492 280.50436 280.67364 280.84274 281.01165 281.18038 281.3489 281.51721 281.68531 281.85319 282.02083 282.18823 282.35538 282.52227 282.6889 282.85525 283.02132 283.1871 283.35259 283.51776 283.68262 283.84716 284.01137 284.17523 284.33875 284.50191 284.6647 284.82712 284.98916 285.15081 285.31206 285.47291 285.63333 285.79334 285.95291 286.11204 286.27072 286.42895 286.5867 286.74399 286.90079 287.0571 287.21291 287.36821 287.52299 287.67725
278.00093 278.17139 278.34179 278.51212 278.68238 278.85256 279.02264 279.19263 279.36252 279.5323 279.70195 279.87148 280.04087 280.21011 280.37921 280.54815 280.71692 280.88551 281.05392 281.22215 281.39017 281.55798 281.72558 281.89296 282.06011 282.22702 282.39368 282.56008 282.72622 282.89209 283.05768 283.22298 283.38798 283.55268 283.71707 283.88114 284.04487 284.20827 284.37133 284.53403 284.69636 284.85833 285.01991 285.18111 285.34192 285.50232 285.6623 285.82187 285.98101 286.1397 286.29796 286.45576 286.61309 286.76996 286.92634 287.08224 287.23764 287.39254 287.54692 287.70079
278.05158 278.22152 278.39141 278.56123 278.73097 278.90064 279.07021 279.23969 279.40907 279.57833 279.74748 279.91649 280.08538 280.25412 280.42271 280.59114 280.75941 280.9275 281.09542 281.26314 281.43066 281.59798 281.76509 281.93197 282.09863 282.26505 282.43122 282.59714 282.76279 282.92818 283.09329 283.25811 283.42264 283.58687 283.75079 283.91438 284.07766 284.24059 284.40318 284.56543 284.72731 284.88882 285.04996 285.21071 285.37107 285.53103 285.69058 285.84971 286.00841 286.16668 286.32451 286.48189 286.63881 286.79526 286.95123 287.10672 287.26172 287.41622 287.5702 287.72367
278.1014 278.27083 278.44021 278.60952 278.77875 278.94791 279.11697 279.28595 279.45481 279.62357 279.79221 279.96072 280.1291 280.29734 280.46543 280.63336 280.80112 280.96872 281.13613 281.30336 281.47039 281.63721 281.80383 281.97022 282.13639 282.30232 282.46801 282.63344 282.79862 282.96353 283.12816 283.29251 283.45656 283.62032 283.78377 283.9469 284.10971 284.27219 284.43432 284.59611 284.75754 284.9186 285.07929 285.2396 285.39952 285.55904 285.71816 285.87686 286.03514 286.19298 286.35039 286.50735 286.66385 286.81989 286.97546 287.13054 287.28514 287.43924 287.59283 287.74591
278.15041 278.31934 278.4882 278.657 278.82573 278.99438 279.16294 279.3314 279.49976 279.66802 279.83615 280.00416 280.17203 280.33977 280.50736 280.67479 280.84206 281.00916 281.17608 281.34281 281.50934 281.67568 281.8418 282.00771 282.17339 282.33884 282.50404 282.669 282.8337 282.99813 283.16229 283.32617 283.48975 283.65304 283.81603 283.9787 284.14105 284.30306 284.46475 284.62608 284.78706 284.94768 285.10793 285.26779 285.42728 285.58636 285.74505 285.90332 286.06117 286.2186 286.37559 286.53213 286.68822 286.84385 286.99902 287.1537 287.3079 287.46161 287.61481 287.76751
278.19862 278.36703 278.53539 278.70369 278.87191 279.04005 279.2081 279.37606 279.54392 279.71167 279.8793 280.04681 280.21419 280.38142 280.54851 280.71545 280.88222 281.04883 281.21525 281.38149 281.54754 281.71338 281.87902 282.04444 282.20964 282.37461 282.53933 282.70381 282.86803 283.03199 283.19568 283.35909 283.52221 283.68503 283.84756 284.00977 284.17166 284.33322 284.49445 284.65534 284.81587 284.97605 285.13586 285.29529 285.45433 285.61299 285.77125 285.92909 286.08653 286.24353 286.40011 286.55624 286.71192 286.86715 287.02191 287.1762 287.33001 287.48333 287.63614 287.78846
278.24602 278.41393 278.58178 278.74957 278.91729 279.08492 279.25248 279.41993 279.58729 279.75454 279.92167 280.08868 280.25556 280.4223 280.58889 280.75534 280.92161 281.08773 281.25366 281.41941 281.58497 281.75033 281.91549 282.08043 282.24514 282.40963 282.57388 282.73788 282.90163 283.06512 283.22834 283.39128 283.55393 283.7163 283.87836 284.04012 284.20155 284.36267 284.52345 284.68389 284.84398 285.00371 285.16308 285.32208 285.4807 285.63893 285.79676 285.95418 286.1112 286.26779 286.42395 286.57968 286.73496 286.88978 287.04415 287.19804 287.35146 287.50439 287.65683 287.80876
278.29261 278.46002 278.62737 278.79466 278.96187 279.12901 279.29606 279.46302 279.62988 279.79663 279.96326 280.12978 280.29616 280.4624 280.6285 280.79445 280.96024 281.12586 281.29131 281.45657 281.62165 281.78653 281.9512 282.11566 282.27989 282.4439 282.60768 282.77121 282.93449 283.09751 283.26026 283.42274 283.58493 283.74684 283.90845 284.06975 284.23073 284.3914 284.55173 284.71173 284.87138 285.03068 285.18961 285.34818 285.50637 285.66417 285.82158 285.97859 286.13518 286.29136 286.44712 286.60244 286.75732 286.91175 287.06572 287.21922 287.37225 287.5248 287.67686 287.82842
278.33842 278.50532 278.67217 278.83896 279.00567 279.17231 279.33886 279.50532 279.67168 279.83794 280.00408 280.1701 280.33598 280.50174 280.66735 280.83281 280.99811 281.16324 281.3282 281.49298 281.65757 281.82197 281.98616 282.15014 282.3139 282.47744 282.64074 282.8038 282.96661 283.12917 283.29146 283.45347 283.61521 283.77666 283.93781 284.09866 284.2592 284.41941 284.57931 284.73886 284.89808 285.05694 285.21544 285.37358 285.53134 285.68872 285.84571 286.00231 286.15849 286.31426 286.46961 286.62453 286.77901 286.93305 287.08663 287.23974 287.39239 287.54456 287.69624 287.84743
278.38343 278.54983 278.71618 278.88247 279.04869 279.21483 279.38089 279.54685 279.71272 279.87847 280.04412 280.20965 280.37504 280.54031 280.70543 280.8704 281.03521 281.19986 281.36434 281.52863 281.69274 281.85666 282.02038 282.18388 282.34717 282.51023 282.67307 282.83566 282.998 283.1601 283.32192 283.48348 283.64476 283.80576 283.96646 284.12686 284.28695 284.44672 284.60617 284.76529 284.92407 285.0825 285.24058 285.39829 285.55563 285.71259 285.86917 286.02534 286.18112 286.33649 286.49143 286.64595 286.80004 286.95368 287.10687 287.25961 287.41188 287.56367 287.71498 287.8658
278.42765 278.59356 278.75941 278.9252 279.09093 279.25657 279.42213 279.5876 279.75297 279.91824 280.08339 280.24843 280.41334 280.57811 280.74275 280.90723 281.07156 281.23572 281.39972 281.56354 281.72717 281.89061 282.05385 282.21688 282.3797 282.54229 282.70466 282.86679 283.02867 283.1903 283.35167 283.51277 283.67359 283.83414 283.99439 284.15434 284.31399 284.47332 284.63234 284.79102 284.94937 285.10737 285.26502 285.42231 285.57923 285.73577 285.89193 286.0477 286.20307 286.35803 286.51258 286.66671 286.8204 286.97365 287.12646 287.27881 287.4307 287.58212 287.73307 287.88352
278.47109 278.6365 278.80186 278.96716 279.13239 279.29754 279.4626 279.62758 279.79246 279.95724 280.1219 280.28645 280.45087 280.61516 280.77931 280.94331 281.10716 281.27084 281.43436 281.5977 281.76085 281.92382 282.08658 282.24914 282.41149 282.57362 282.73552 282.89718 283.0586 283.21977 283.38069 283.54133 283.70171 283.8618 284.02161 284.18112 284.34032 284.49922 284.6578 284.81605 284.97396 285.13154 285.28876 285.44563 285.60213 285.75827 285.91402 286.06938 286.22434 286.37891 286.53306 286.68679 286.84009 286.99296 287.14539 287.29736 287.44888 287.59993 287.7505 287.9006
278.51375 278.67867 278.84354 279.00834 279.17307 279.33773 279.50231 279.6668 279.83119 279.99548 280.15965 280.32371 280.48765 280.65145 280.81512 280.97864 281.142 281.30521 281.46825 281.63111 281.79379 281.95628 282.11858 282.28067 282.44255 282.60421 282.76565 282.92685 283.08782 283.24853 283.40899 283.56918 283.72911 283.88875 284.04812 284.20718 284.36595 284.52441 284.68255 284.84037 284.99786 285.15501 285.31182 285.46827 285.62436 285.78008 285.93542 286.09038 286.24494 286.39911 286.55286 286.7062 286.85912 287.01161 287.16365 287.31526 287.4664 287.61708 287.7673 287.91703
278.55564 278.72006 278.88444 279.04875 279.21299 279.37716 279.54125 279.70525 279.86915 280.03295 280.19665 280.36022 280.52367 280.68699 280.85018 281.01322 281.1761 281.33883 281.50139 281.66378 281.82599 281.98801 282.14984 282.31147 282.47288 282.63408 282.79506 282.9558 283.1163 283.27656 283.43657 283.59632 283.75579 283.915 284.07391 284.23254 284.39087 284.5489 284.70661 284.864 285.02107 285.1778 285.33418 285.49022 285.64589 285.8012 285.95614 286.11069 286.26486 286.41863 286.572 286.72495 286.87748 287.02959 287.18126 287.33249 287.48327 287.63359 287.78344 287.93282
278.59675 278.76069 278.92457 279.08839 279.25215 279.41583 279.57943 279.74294 279.90636 280.06968 280.23288 280.39598 280.55895 280.72179 280.88449 281.04705 281.20946 281.37171 281.5338 281.69572 281.85746 282.01901 282.18037 282.34153 282.50248 282.66322 282.82374 282.98402 283.14408 283.30388 283.46344 283.62274 283.78177 283.94053 284.09901 284.2572 284.41509 284.57269 284.72997 284.88694 285.04358 285.19989 285.35585 285.51148 285.66674 285.82165 285.97618 286.13034 286.28411 286.43748 286.59046 286.74303 286.89518 287.04691 287.19821 287.34907 287.49948 287.64944 287.79893 287.94796
278.6371 278.80055 278.96394 279.12728 279.29055 279.45374 279.61685 279.77988 279.94281 280.10565 280.26837 280.43098 280.59347 280.75583 280.91806 281.08014 281.24208 281.40386 281.56548 281.72692 281.88819 282.04928 282.21017 282.37087 282.53136 282.69164 282.8517 283.01153 283.17113 283.33048 283.48959 283.64844 283.80703 283.96535 284.12339 284.28115 284.43861 284.59578 284.75263 284.90918 285.0654 285.22129 285.37684 285.53205 285.68691 285.84141 285.99554 286.1493 286.30268 286.45566 286.60825 286.76044 286.91221 287.06357 287.2145 287.36499 287.51504 287.66464 287.81378 287.96245
278.67669 278.83965 279.00256 279.1654 279.32819 279.49089 279.65352 279.81607 279.97852 280.14087 280.30311 280.46524 280.62726 280.78914 280.95089 281.1125 281.27396 281.43527 281.59642 281.75739 281.9182 282.07882 282.23925 282.39948 282.55952 282.71934 282.87894 283.03832 283.19747 283.35637 283.51504 283.67344 283.83159 283.98947 284.14708 284.3044 284.46143 284.61817 284.7746 284.93072 285.08652 285.242 285.39714 285.55194 285.70639 285.86049 286.01422 286.16759 286.32057 286.47317 286.62538 286.77719 286.92858 287.07957 287.23012 287.38025 287.52994 287.67918 287.82797 287.9763
278.71551 278.87799 279.04041 279.20277 279.36507 279.5273 279.68944 279.85151 280.01348 280.17535 280.33711 280.49876 280.6603 280.82171 280.98298 281.14412 281.30511 281.46595 281.62663 281.78714 281.94748 282.10763 282.2676 282.42738 282.58695 282.74632 282.90547 283.06439 283.22309 283.38155 283.53977 283.69774 283.85544 284.01289 284.17006 284.32695 284.48355 284.63986 284.79587 284.95157 285.10696 285.26202 285.41675 285.57115 285.7252 285.87889 286.03223 286.1852 286.3378 286.49001 286.64184 286.79326 286.94429 287.0949 287.24509 287.39486 287.54419 287.69308 287.84152 287.9895
278.75359 278.91558 279.07752 279.2394 279.40121 279.56295 279.72462 279.8862 280.04769 280.20908 280.37037 280.53155 280.69261 280.85354 281.01434 281.17501 281.33553 281.4959 281.65611 281.81616 281.97603 282.13573 282.29524 282.45455 282.61367 282.77258 282.93128 283.08976 283.24801 283.40602 283.5638 283.72132 283.87859 284.0356 284.19234 284.3488 284.50498 284.66087 284.81645 284.97174 285.12671 285.28136 285.43568 285.58967 285.74332 285.89662 286.04956 286.20214 286.35435 286.50618 286.65762 286.80868 286.95933 287.10957 287.2594 287.40881 287.55778 287.70632 287.85442 288.00206
278.79091 278.95242 279.11387 279.27527 279.4366 279.59787 279.75905 279.92016 280.08117 280.24208 280.40289 280.5636 280.72418 280.88464 281.04497 281.20517 281.36522 281.52512 281.68487 281.84445 282.00387 282.1631 282.32215 282.48101 282.63968 282.79813 282.95638 283.11441 283.27222 283.42979 283.58712 283.74421 283.90104 284.05762 284.21393 284.36996 284.52571 284.68118 284.83635 284.99121 285.14577 285.30001 285.45393 285.60751 285.76076 285.91366 286.06621 286.2184 286.37023 286.52168 286.67274 286.82342 286.9737 287.12358 287.27305 287.4221 287.57072 287.71891 287.86666 288.01396
278.82749 278.98851 279.14949 279.3104 279.47126 279.63204 279.79275 279.95337 280.11391 280.27435 280.43468 280.59491 280.75502 280.91502 281.07488 281.23461 281.39419 281.55363 281.71291 281.87203 282.03098 282.18976 282.34835 282.50676 282.66497 282.82298 282.98078 283.13836 283.29572 283.45285 283.60974 283.76639 283.92279 284.07894 284.23481 284.39042 284.54575 284.7008 284.85555 285.01 285.16414 285.31798 285.47149 285.62467 285.77752 285.93003 286.08219 286.23399 286.38543 286.5365 286.6872 286.8375 286.98742 287.13693 287.28604 287.43473 287.58301 287.73085 287.87826 288.02522
278.86332 279.02386 279.18436 279.3448 279.50517 279.66548 279.82571 279.98586 280.14592 280.30588 280.46574 280.6255 280.78514 280.94466 281.10406 281.26332 281.42244 281.58141 281.74023 281.89889 282.05738 282.2157 282.37384 282.53179 282.68955 282.84711 283.00446 283.1616 283.31852 283.47521 283.63166 283.78788 283.94385 284.09956 284.25501 284.41019 284.5651 284.71972 284.87406 285.0281 285.18184 285.33526 285.48837 285.64116 285.79361 285.94572 286.09749 286.24891 286.39997 286.55066 286.70098 286.85092 287.00046 287.14962 287.29837 287.44671 287.59463 287.74213 287.8892 288.03583
278.89841 279.05848 279.2185 279.37846 279.53835 279.69818 279.85794 280.01761 280.1772 280.33669 280.49608 280.65537 280.81454 280.97359 281.13252 281.29131 281.44997 281.60848 281.76684 281.92504 282.08307 282.24093 282.39862 282.55612 282.71343 282.87054 283.02745 283.18414 283.34062 283.49687 283.65289 283.80867 283.9642 284.11949 284.27451 284.42927 284.58376 284.73797 284.89189 285.04551 285.19884 285.35186 285.50457 285.65696 285.80902 285.96074 286.11212 286.26316 286.41384 286.56415 286.7141 286.86366 287.01285 287.16164 287.31004 287.45803 287.6056 287.75276 287.89949 288.04578
278.93277 279.09236 279.2519 279.41138 279.57081 279.73016 279.88944 280.04864 280.20775 280.36677 280.52569 280.68451 280.84321 281.0018 281.16026 281.31859 281.47678 281.63483 281.79273 281.95047 282.10805 282.26546 282.42269 282.57974 282.7366 282.89327 283.04973 283.20598 283.36202 283.51783 283.67341 283.82876 283.98387 284.13872 284.29332 284.44766 284.60173 284.75552 284.90903 285.06225 285.21517 285.36779 285.52009 285.67208 285.82375 285.97508 286.12608 286.27673 286.42703 286.57697 286.72655 286.87575 287.02457 287.173 287.32105 287.46868 287.61592 287.76273 287.90913 288.05509
278.9664 279.12551 279.28458 279.44358 279.60253 279.76141 279.92022 280.07894 280.23759 280.39614 280.55459 280.71293 280.87117 281.02929 281.18729 281.34515 281.50289 281.66048 281.81792 281.9752 282.13232 282.28928 282.44606 282.60266 282.75907 282.91529 283.07131 283.22712 283.38272 283.5381 283.69325 283.84816 284.00284 284.15727 284.31145 284.46536 284.61901 284.77239 284.92549 285.0783 285.23081 285.38303 285.53494 285.68653 285.8378 285.98875 286.13936 286.28963 286.43956 286.58912 286.73833 286.88717 287.03563 287.1837 287.33139 287.47868 287.62557 287.77205 287.91811 288.06374
278.9993 279.15794 279.31653 279.47506 279.63353 279.79194 279.95027 280.10853 280.2667 280.42478 280.58277 280.74065 280.89842 281.05607 281.2136 281.37101 281.52828 281.68541 281.84239 281.99922 282.15589 282.3124 282.46873 282.62488 282.78084 282.93662 283.09219 283.24757 283.40273 283.55767 283.71239 283.86687 284.02112 284.17513 284.32888 284.48238 284.63561 284.78858 284.94126 285.09366 285.24578 285.39759 285.5491 285.7003 285.85119 286.00174 286.15197 286.30186 286.45141 286.60061 286.74944 286.89792 287.04602 287.19374 287.34108 287.48802 287.63457 287.78071 287.92643 288.07174
