in/simple_fast_with_spit/two_bays.asc
ncols	250
nrows	500
xllcorner	1.000
yllcorner	1.000
cellsize	1.000
NODATA_value	-9999.000
[rows 352 to 383 of 500, columns 142 to 212 of 250]
73.916 73.734 73.551 73.369 73.187 73.004 72.822 72.639 72.457 72.275 72.092 71.910 71.727 71.545 71.363 71.180 70.998 70.815 70.633 70.451 70.268 70.086 69.903 69.721 69.539 69.356 69.174 68.991 68.809 68.627 68.444 68.262 68.079 67.897 67.714 67.532 67.350 67.167 66.985 66.802 66.620 66.438 66.255 66.073 65.890 65.708 65.526 65.343 65.161 64.978 64.796 64.614 64.431 64.249 64.066 63.884 63.702 63.519 63.337 63.154 62.972 62.790 62.607 62.425 62.242 62.060 61.878 61.695 61.513 61.330 61.148
73.872 73.689 73.506 73.324 73.141 72.958 72.775 72.593 72.410 72.227 72.045 71.862 71.679 71.496 71.314 71.131 70.948 70.766 70.583 70.400 70.217 70.035 69.852 69.669 69.487 69.304 69.121 68.938 68.756 68.573 68.390 68.208 68.025 67.842 67.659 67.477 67.294 67.111 66.929 66.746 66.563 66.380 66.198 66.015 65.832 65.650 65.467 65.284 65.101 64.919 64.736 64.553 64.371 64.188 64.005 63.822 63.640 63.457 63.274 63.092 62.909 62.726 62.543 62.361 62.178 61.995 61.813 61.630 61.447 61.264 61.082
73.828 73.645 73.462 73.279 73.096 72.913 72.729 72.546 72.363 72.180 71.997 71.814 71.631 71.448 71.265 71.082 70.899 70.716 70.533 70.350 70.167 69.984 69.801 69.618 69.435 69.252 69.069 68.886 68.703 68.520 68.337 68.154 67.971 67.788 67.605 67.422 67.239 67.056 66.873 66.690 66.507 66.324 66.141 65.958 65.775 65.592 65.409 65.226 65.043 64.859 64.676 64.493 64.310 64.127 63.944 63.761 63.578 63.395 63.212 63.029 62.846 62.663 62.480 62.297 62.114 61.931 61.748 61.565 61.382 61.199 61.016
73.784 73.601 73.417 73.234 73.051 72.867 72.684 72.501 72.317 72.134 71.951 71.767 71.584 71.401 71.217 71.034 70.851 70.667 70.484 70.301 70.117 69.934 69.751 69.567 69.384 69.201 69.017 68.834 68.651 68.467 68.284 68.101 67.917 67.734 67.551 67.367 67.184 67.001 66.817 66.634 66.451 66.267 66.084 65.901 65.717 65.534 65.351 65.167 64.984 64.801 64.617 64.434 64.251 64.067 63.884 63.701 63.517 63.334 63.151 62.967 62.784 62.601 62.417 62.234 62.051 61.867 61.684 61.501 61.317 61.134 60.951
73.740 73.557 73.373 73.190 73.006 72.822 72.639 72.455 72.271 72.088 71.904 71.720 71.537 71.353 71.170 70.986 70.802 70.619 70.435 70.251 70.068 69.884 69.700 69.517 69.333 69.150 68.966 68.782 68.599 68.415 68.231 68.048 67.864 67.680 67.497 67.313 67.130 66.946 66.762 66.579 66.395 66.211 66.028 65.844 65.661 65.477 65.293 65.110 64.926 64.742 64.559 64.375 64.191 64.008 63.824 63.641 63.457 63.273 63.090 62.906 62.722 62.539 62.355 62.171 61.988 61.804 61.621 61.437 61.253 61.070 60.886
73.697 73.513 73.329 73.146 72.962 72.778 72.594 72.410 72.226 72.042 71.858 71.674 71.490 71.306 71.122 70.938 70.754 70.570 70.387 70.203 70.019 69.835 69.651 69.467 69.283 69.099 68.915 68.731 68.547 68.363 68.179 67.995 67.811 67.627 67.444 67.260 67.076 66.892 66.708 66.524 66.340 66.156 65.972 65.788 65.604 65.420 65.236 65.052 64.868 64.685 64.501 64.317 64.133 63.949 63.765 63.581 63.397 63.213 63.029 62.845 62.661 62.477 62.293 62.109 61.926 61.742 61.558 61.374 61.190 61.006 60.822
73.655 73.470 73.286 73.102 72.918 72.733 72.549 72.365 72.181 71.997 71.812 71.628 71.444 71.260 71.075 70.891 70.707 70.523 70.338 70.154 69.970 69.786 69.602 69.417 69.233 69.049 68.865 68.680 68.496 68.312 68.128 67.943 67.759 67.575 67.391 67.206 67.022 66.838 66.654 66.470 66.285 66.101 65.917 65.733 65.548 65.364 65.180 64.996 64.811 64.627 64.443 64.259 64.075 63.890 63.706 63.522 63.338 63.153 62.969 62.785 62.601 62.416 62.232 62.048 61.864 61.679 61.495 61.311 61.127 60.943 60.758
73.612 73.428 73.243 73.059 72.874 72.690 72.505 72.321 72.136 71.952 71.767 71.583 71.398 71.213 71.029 70.844 70.660 70.475 70.291 70.106 69.922 69.737 69.553 69.368 69.184 68.999 68.815 68.630 68.446 68.261 68.077 67.892 67.707 67.523 67.338 67.154 66.969 66.785 66.600 66.416 66.231 66.047 65.862 65.678 65.493 65.309 65.124 64.940 64.755 64.570 64.386 64.201 64.017 63.832 63.648 63.463 63.279 63.094 62.910 62.725 62.541 62.356 62.172 61.987 61.803 61.618 61.433 61.249 61.064 60.880 60.695
73.571 73.386 73.201 73.016 72.831 72.646 72.462 72.277 72.092 71.907 71.722 71.537 71.353 71.168 70.983 70.798 70.613 70.429 70.244 70.059 69.874 69.689 69.504 69.320 69.135 68.950 68.765 68.580 68.396 68.211 68.026 67.841 67.656 67.471 67.287 67.102 66.917 66.732 66.547 66.362 66.178 65.993 65.808 65.623 65.438 65.254 65.069 64.884 64.699 64.514 64.329 64.145 63.960 63.775 63.590 63.405 63.221 63.036 62.851 62.666 62.481 62.296 62.112 61.927 61.742 61.557 61.372 61.187 61.003 60.818 60.633
73.529 73.344 73.159 72.974 72.789 72.604 72.418 72.233 72.048 71.863 71.678 71.493 71.308 71.123 70.938 70.752 70.567 70.382 70.197 70.012 69.827 69.642 69.457 69.272 69.086 68.901 68.716 68.531 68.346 68.161 67.976 67.791 67.606 67.420 67.235 67.050 66.865 66.680 66.495 66.310 66.125 65.940 65.754 65.569 65.384 65.199 65.014 64.829 64.644 64.459 64.274 64.088 63.903 63.718 63.533 63.348 63.163 62.978 62.793 62.608 62.422 62.237 62.052 61.867 61.682 61.497 61.312 61.127 60.942 60.756 60.571
73.488 73.303 73.117 72.932 72.747 72.561 72.376 72.190 72.005 71.820 71.634 71.449 71.263 71.078 70.893 70.707 70.522 70.336 70.151 69.966 69.780 69.595 69.409 69.224 69.039 68.853 68.668 68.482 68.297 68.112 67.926 67.741 67.555 67.370 67.185 66.999 66.814 66.628 66.443 66.258 66.072 65.887 65.701 65.516 65.331 65.145 64.960 64.774 64.589 64.404 64.218 64.033 63.847 63.662 63.477 63.291 63.106 62.920 62.735 62.550 62.364 62.179 61.993 61.808 61.623 61.437 61.252 61.066 60.881 60.696 60.510
73.448 73.262 73.076 72.891 72.705 72.519 72.333 72.148 71.962 71.776 71.591 71.405 71.219 71.034 70.848 70.662 70.477 70.291 70.105 69.920 69.734 69.548 69.363 69.177 68.991 68.806 68.620 68.434 68.248 68.063 67.877 67.691 67.506 67.320 67.134 66.949 66.763 66.577 66.392 66.206 66.020 65.835 65.649 65.463 65.278 65.092 64.906 64.721 64.535 64.349 64.164 63.978 63.792 63.606 63.421 63.235 63.049 62.864 62.678 62.492 62.307 62.121 61.935 61.750 61.564 61.378 61.193 61.007 60.821 60.636 60.450
73.408 73.222 73.036 72.850 72.664 72.478 72.292 72.106 71.920 71.734 71.548 71.362 71.176 70.990 70.804 70.618 70.432 70.246 70.060 69.874 69.688 69.502 69.316 69.130 68.944 68.758 68.573 68.387 68.201 68.015 67.829 67.643 67.457 67.271 67.085 66.899 66.713 66.527 66.341 66.155 65.969 65.783 65.597 65.411 65.225 65.039 64.853 64.667 64.481 64.295 64.109 63.923 63.738 63.552 63.366 63.180 62.994 62.808 62.622 62.436 62.250 62.064 61.878 61.692 61.506 61.320 61.134 60.948 60.762 60.576 60.390
73.368 73.182 72.995 72.809 72.623 72.437 72.251 72.064 71.878 71.692 71.506 71.319 71.133 70.947 70.761 70.574 70.388 70.202 70.016 69.829 69.643 69.457 69.271 69.084 68.898 68.712 68.526 68.340 68.153 67.967 67.781 67.595 67.408 67.222 67.036 66.850 66.663 66.477 66.291 66.105 65.918 65.732 65.546 65.360 65.173 64.987 64.801 64.615 64.429 64.242 64.056 63.870 63.684 63.497 63.311 63.125 62.939 62.752 62.566 62.380 62.194 62.007 61.821 61.635 61.449 61.262 61.076 60.890 60.704 60.518 60.331
73.329 73.142 72.956 72.769 72.583 72.396 72.210 72.023 71.837 71.650 71.464 71.277 71.091 70.904 70.718 70.531 70.345 70.158 69.972 69.785 69.599 69.412 69.226 69.039 68.853 68.666 68.480 68.293 68.107 67.920 67.734 67.547 67.361 67.174 66.988 66.801 66.615 66.428 66.241 66.055 65.868 65.682 65.495 65.309 65.122 64.936 64.749 64.563 64.376 64.190 64.003 63.817 63.630 63.444 63.257 63.071 62.884 62.698 62.511 62.325 62.138 61.952 61.765 61.579 61.392 61.206 61.019 60.833 60.646 60.460 60.273
73.290 73.104 72.917 72.730 72.543 72.356 72.170 71.983 71.796 71.609 71.423 71.236 71.049 70.862 70.675 70.489 70.302 70.115 69.928 69.742 69.555 69.368 69.181 68.994 68.808 68.621 68.434 68.247 68.061 67.874 67.687 67.500 67.313 67.127 66.940 66.753 66.566 66.379 66.193 66.006 65.819 65.632 65.446 65.259 65.072 64.885 64.698 64.512 64.325 64.138 63.951 63.765 63.578 63.391 63.204 63.017 62.831 62.644 62.457 62.270 62.084 61.897 61.710 61.523 61.336 61.150 60.963 60.776 60.589 60.403 60.216
73.252 73.065 72.878 72.691 72.504 72.317 72.130 71.943 71.756 71.569 71.382 71.195 71.008 70.821 70.634 70.447 70.260 70.073 69.886 69.698 69.511 69.324 69.137 68.950 68.763 68.576 68.389 68.202 68.015 67.828 67.641 67.454 67.267 67.080 66.893 66.706 66.519 66.332 66.145 65.958 65.771 65.583 65.396 65.209 65.022 64.835 64.648 64.461 64.274 64.087 63.900 63.713 63.526 63.339 63.152 62.965 62.778 62.591 62.404 62.217 62.030 61.843 61.655 61.468 61.281 61.094 60.907 60.720 60.533 60.346 60.159
73.215 73.028 72.840 72.653 72.466 72.278 72.091 71.904 71.716 71.529 71.342 71.155 70.967 70.780 70.593 70.405 70.218 70.031 69.843 69.656 69.469 69.281 69.094 68.907 68.719 68.532 68.345 68.158 67.970 67.783 67.596 67.408 67.221 67.034 66.846 66.659 66.472 66.284 66.097 65.910 65.723 65.535 65.348 65.161 64.973 64.786 64.599 64.411 64.224 64.037 63.849 63.662 63.475 63.288 63.100 62.913 62.726 62.538 62.351 62.164 61.976 61.789 61.602 61.414 61.227 61.040 60.853 60.665 60.478 60.291 60.103
73.178 72.990 72.803 72.615 72.428 72.240 72.053 71.865 71.677 71.490 71.302 71.115 70.927 70.740 70.552 70.364 70.177 69.989 69.802 69.614 69.427 69.239 69.052 68.864 68.676 68.489 68.301 68.114 67.926 67.739 67.551 67.363 67.176 66.988 66.801 66.613 66.426 66.238 66.050 65.863 65.675 65.488 65.300 65.113 64.925 64.738 64.550 64.362 64.175 63.987 63.800 63.612 63.425 63.237 63.049 62.862 62.674 62.487 62.299 62.112 61.924 61.736 61.549 61.361 61.174 60.986 60.799 60.611 60.423 60.236 60.048
73.142 72.954 72.766 72.578 72.390 72.203 72.015 71.827 71.639 71.451 71.263 71.076 70.888 70.700 70.512 70.324 70.137 69.949 69.761 69.573 69.385 69.197 69.010 68.822 68.634 68.446 68.258 68.071 67.883 67.695 67.507 67.319 67.131 66.944 66.756 66.568 66.380 66.192 66.004 65.817 65.629 65.441 65.253 65.065 64.878 64.690 64.502 64.314 64.126 63.938 63.751 63.563 63.375 63.187 62.999 62.812 62.624 62.436 62.248 62.060 61.872 61.685 61.497 61.309 61.121 60.933 60.746 60.558 60.370 60.182 59.994
73.106 72.918 72.730 72.542 72.354 72.166 71.977 71.789 71.601 71.413 71.225 71.037 70.849 70.661 70.473 70.285 70.097 69.909 69.721 69.533 69.344 69.156 68.968 68.780 68.592 68.404 68.216 68.028 67.840 67.652 67.464 67.276 67.088 66.900 66.712 66.523 66.335 66.147 65.959 65.771 65.583 65.395 65.207 65.019 64.831 64.643 64.455 64.267 64.079 63.890 63.702 63.514 63.326 63.138 62.950 62.762 62.574 62.386 62.198 62.010 61.822 61.634 61.446 61.257 61.069 60.881 60.693 60.505 60.317 60.129 59.941
73.071 72.882 72.694 72.506 72.317 72.129 71.941 71.753 71.564 71.376 71.188 70.999 70.811 70.623 70.434 70.246 70.058 69.869 69.681 69.493 69.304 69.116 68.928 68.739 68.551 68.363 68.175 67.986 67.798 67.610 67.421 67.233 67.045 66.856 66.668 66.480 66.291 66.103 65.915 65.726 65.538 65.350 65.161 64.973 64.785 64.597 64.408 64.220 64.032 63.843 63.655 63.467 63.278 63.090 62.902 62.713 62.525 62.337 62.148 61.960 61.772 61.583 61.395 61.207 61.019 60.830 60.642 60.454 60.265 60.077 59.889
73.036 72.848 72.659 72.471 72.282 72.093 71.905 71.716 71.528 71.339 71.151 70.962 70.774 70.585 70.396 70.208 70.019 69.831 69.642 69.454 69.265 69.076 68.888 68.699 68.511 68.322 68.134 67.945 67.757 67.568 67.379 67.191 67.002 66.814 66.625 66.437 66.248 66.060 65.871 65.682 65.494 65.305 65.117 64.928 64.740 64.551 64.363 64.174 63.985 63.797 63.608 63.420 63.231 63.043 62.854 62.666 62.477 62.288 62.100 61.911 61.723 61.534 61.346 61.157 60.969 60.780 60.591 60.403 60.214 60.026 59.837
73.002 72.813 72.625 72.436 72.247 72.058 71.870 71.681 71.492 71.303 71.114 70.926 70.737 70.548 70.359 70.170 69.982 69.793 69.604 69.415 69.226 69.038 68.849 68.660 68.471 68.282 68.094 67.905 67.716 67.527 67.338 67.150 66.961 66.772 66.583 66.394 66.206 66.017 65.828 65.639 65.450 65.262 65.073 64.884 64.695 64.507 64.318 64.129 63.940 63.751 63.563 63.374 63.185 62.996 62.807 62.619 62.430 62.241 62.052 61.863 61.675 61.486 61.297 61.108 60.919 60.731 60.542 60.353 60.164 59.975 59.787
72.969 72.780 72.591 72.402 72.213 72.024 71.835 71.646 71.457 71.268 71.079 70.890 70.701 70.512 70.323 70.134 69.945 69.756 69.566 69.377 69.188 68.999 68.810 68.621 68.432 68.243 68.054 67.865 67.676 67.487 67.298 67.109 66.920 66.731 66.542 66.353 66.164 65.975 65.786 65.597 65.408 65.219 65.030 64.841 64.652 64.463 64.274 64.085 63.896 63.707 63.518 63.329 63.140 62.951 62.761 62.572 62.383 62.194 62.005 61.816 61.627 61.438 61.249 61.060 60.871 60.682 60.493 60.304 60.115 59.926 59.737
72.936 72.747 72.558 72.369 72.179 71.990 71.801 71.612 71.422 71.233 71.044 70.855 70.665 70.476 70.287 70.098 69.908 69.719 69.530 69.340 69.151 68.962 68.773 68.583 68.394 68.205 68.016 67.826 67.637 67.448 67.259 67.069 66.880 66.691 66.502 66.312 66.123 65.934 65.745 65.555 65.366 65.177 64.988 64.798 64.609 64.420 64.231 64.041 63.852 63.663 63.474 63.284 63.095 62.906 62.717 62.527 62.338 62.149 61.959 61.770 61.581 61.392 61.202 61.013 60.824 60.635 60.445 60.256 60.067 59.878 59.688
72.904 72.715 72.525 72.336 72.146 71.957 71.767 71.578 71.389 71.199 71.010 70.820 70.631 70.441 70.252 70.062 69.873 69.683 69.494 69.304 69.115 68.925 68.736 68.546 68.357 68.167 67.978 67.788 67.599 67.409 67.220 67.030 66.841 66.652 66.462 66.273 66.083 65.894 65.704 65.515 65.325 65.136 64.946 64.757 64.567 64.378 64.188 63.999 63.809 63.620 63.430 63.241 63.051 62.862 62.672 62.483 62.293 62.104 61.915 61.725 61.536 61.346 61.157 60.967 60.778 60.588 60.399 60.209 60.020 59.830 59.641
72.873 72.683 72.494 72.304 72.114 71.925 71.735 71.545 71.355 71.166 70.976 70.786 70.597 70.407 70.217 70.028 69.838 69.648 69.458 69.269 69.079 68.889 68.700 68.510 68.320 68.131 67.941 67.751 67.561 67.372 67.182 66.992 66.803 66.613 66.423 66.234 66.044 65.854 65.664 65.475 65.285 65.095 64.906 64.716 64.526 64.337 64.147 63.957 63.768 63.578 63.388 63.198 63.009 62.819 62.629 62.440 62.250 62.060 61.871 61.681 61.491 61.301 61.112 60.922 60.732 60.543 60.353 60.163 59.974 59.784 59.594
72.842 72.652 72.463 72.273 72.083 71.893 71.703 71.513 71.323 71.133 70.943 70.753 70.563 70.374 70.184 69.994 69.804 69.614 69.424 69.234 69.044 68.854 68.664 68.474 68.284 68.095 67.905 67.715 67.525 67.335 67.145 66.955 66.765 66.575 66.385 66.195 66.006 65.816 65.626 65.436 65.246 65.056 64.866 64.676 64.486 64.296 64.106 63.916 63.727 63.537 63.347 63.157 62.967 62.777 62.587 62.397 62.207 62.017 61.827 61.638 61.448 61.258 61.068 60.878 60.688 60.498 60.308 60.118 59.928 59.738 59.548
72.812 72.622 72.432 72.242 72.052 71.862 71.672 71.482 71.291 71.101 70.911 70.721 70.531 70.341 70.151 69.961 69.770 69.580 69.390 69.200 69.010 68.820 68.630 68.440 68.250 68.059 67.869 67.679 67.489 67.299 67.109 66.919 66.729 66.538 66.348 66.158 65.968 65.778 65.588 65.398 65.208 65.017 64.827 64.637 64.447 64.257 64.067 63.877 63.687 63.496 63.306 63.116 62.926 62.736 62.546 62.356 62.166 61.975 61.785 61.595 61.405 61.215 61.025 60.835 60.645 60.454 60.264 60.074 59.884 59.694 59.504
72.783 72.593 72.403 72.212 72.022 71.832 71.641 71.451 71.261 71.070 70.880 70.690 70.499 70.309 70.119 69.928 69.738 69.548 69.357 69.167 68.977 68.786 68.596 68.406 68.215 68.025 67.835 67.644 67.454 67.264 67.073 66.883 66.693 66.502 66.312 66.122 65.931 65.741 65.551 65.360 65.170 64.980 64.789 64.599 64.409 64.218 64.028 63.838 63.648 63.457 63.267 63.077 62.886 62.696 62.506 62.315 62.125 61.935 61.744 61.554 61.364 61.173 60.983 60.793 60.602 60.412 60.222 60.031 59.841 59.651 59.460
72.755 72.564 72.374 72.183 71.993 71.802 71.612 71.421 71.230 71.040 70.849 70.659 70.468 70.278 70.087 69.897 69.706 69.516 69.325 69.135 68.944 68.754 68.563 68.373 68.182 67.992 67.801 67.610 67.420 67.229 67.039 66.848 66.658 66.467 66.277 66.086 65.896 65.705 65.515 65.324 65.134 64.943 64.753 64.562 64.372 64.181 63.990 63.800 63.609 63.419 63.228 63.038 62.847 62.657 62.466 62.276 62.085 61.895 61.704 61.514 61.323 61.133 60.942 60.751 60.561 60.370 60.180 59.989 59.799 59.608 59.418
