in/simple_fast_with_spit/two_bays.asc
ncols	250
nrows	500
xllcorner	1.000
yllcorner	1.000
cellsize	1.000
NODATA_value	-9999.000
[rows 320 to 351 of 500, columns 0 to 70 of 250]
99.819 99.639 99.458 99.277 99.096 98.916 98.735 98.554 98.374 98.193 98.012 97.831 97.651 97.470 97.289 97.109 96.928 96.747 96.566 96.386 96.205 96.024 95.844 95.663 95.482 95.301 95.121 94.940 94.759 94.579 94.398 94.217 94.037 93.856 93.675 93.494 93.314 93.133 92.952 92.772 92.591 92.410 92.229 92.049 91.868 91.687 91.507 91.326 91.145 90.964 90.784 90.603 90.422 90.242 90.061 89.880 89.699 89.519 89.338 89.157 88.977 88.796 88.615 88.434 88.254 88.073 87.892 87.712 87.531 87.350 87.169
99.820 99.639 99.459 99.278 99.098 98.918 98.737 98.557 98.376 98.196 98.016 97.835 97.655 97.475 97.294 97.114 96.933 96.753 96.573 96.392 96.212 96.031 95.851 95.671 95.490 95.310 95.129 94.949 94.769 94.588 94.408 94.228 94.047 93.867 93.686 93.506 93.326 93.145 92.965 92.784 92.604 92.424 92.243 92.063 91.882 91.702 91.522 91.341 91.161 90.981 90.800 90.620 90.439 90.259 90.079 89.898 89.718 89.537 89.357 89.177 88.996 88.816 88.635 88.455 88.275 88.094 87.914 87.734 87.553 87.373 87.192
99.820 99.640 99.460 99.280 99.100 98.920 98.740 98.559 98.379 98.199 98.019 97.839 97.659 97.479 97.299 97.119 96.939 96.759 96.579 96.399 96.219 96.039 95.858 95.678 95.498 95.318 95.138 94.958 94.778 94.598 94.418 94.238 94.058 93.878 93.698 93.518 93.338 93.158 92.977 92.797 92.617 92.437 92.257 92.077 91.897 91.717 91.537 91.357 91.177 90.997 90.817 90.637 90.457 90.276 90.096 89.916 89.736 89.556 89.376 89.196 89.016 88.836 88.656 88.476 88.296 88.116 87.936 87.756 87.575 87.395 87.215
99.820 99.641 99.461 99.281 99.101 98.922 98.742 98.562 98.382 98.203 98.023 97.843 97.663 97.484 97.304 97.124 96.944 96.765 96.585 96.405 96.225 96.046 95.866 95.686 95.507 95.327 95.147 94.967 94.788 94.608 94.428 94.248 94.069 93.889 93.709 93.529 93.350 93.170 92.990 92.810 92.631 92.451 92.271 92.091 91.912 91.732 91.552 91.372 91.193 91.013 90.833 90.654 90.474 90.294 90.114 89.935 89.755 89.575 89.395 89.216 89.036 88.856 88.676 88.497 88.317 88.137 87.957 87.778 87.598 87.418 87.238
99.821 99.641 99.462 99.282 99.103 98.924 98.744 98.565 98.385 98.206 98.026 97.847 97.668 97.488 97.309 97.129 96.950 96.771 96.591 96.412 96.232 96.053 95.873 95.694 95.515 95.335 95.156 94.976 94.797 94.618 94.438 94.259 94.079 93.900 93.721 93.541 93.362 93.182 93.003 92.823 92.644 92.465 92.285 92.106 91.926 91.747 91.568 91.388 91.209 91.029 90.850 90.671 90.491 90.312 90.132 89.953 89.773 89.594 89.415 89.235 89.056 88.876 88.697 88.518 88.338 88.159 87.979 87.800 87.620 87.441 87.262
99.821 99.642 99.463 99.284 99.105 98.925 98.746 98.567 98.388 98.209 98.030 97.851 97.672 97.493 97.314 97.135 96.956 96.776 96.597 96.418 96.239 96.060 95.881 95.702 95.523 95.344 95.165 94.986 94.807 94.627 94.448 94.269 94.090 93.911 93.732 93.553 93.374 93.195 93.016 92.837 92.658 92.478 92.299 92.120 91.941 91.762 91.583 91.404 91.225 91.046 90.867 90.688 90.508 90.329 90.150 89.971 89.792 89.613 89.434 89.255 89.076 88.897 88.718 88.539 88.359 88.180 88.001 87.822 87.643 87.464 87.285
99.821 99.642 99.464 99.285 99.106 98.927 98.749 98.570 98.391 98.212 98.034 97.855 97.676 97.497 97.319 97.140 96.961 96.782 96.604 96.425 96.246 96.067 95.889 95.710 95.531 95.352 95.174 94.995 94.816 94.637 94.459 94.280 94.101 93.922 93.744 93.565 93.386 93.207 93.028 92.850 92.671 92.492 92.313 92.135 91.956 91.777 91.598 91.420 91.241 91.062 90.883 90.705 90.526 90.347 90.168 89.990 89.811 89.632 89.453 89.275 89.096 88.917 88.738 88.560 88.381 88.202 88.023 87.845 87.666 87.487 87.308
99.822 99.643 99.465 99.286 99.108 98.929 98.751 98.573 98.394 98.216 98.037 97.859 97.680 97.502 97.324 97.145 96.967 96.788 96.610 96.431 96.253 96.075 95.896 95.718 95.539 95.361 95.182 95.004 94.826 94.647 94.469 94.290 94.112 93.933 93.755 93.577 93.398 93.220 93.041 92.863 92.684 92.506 92.328 92.149 91.971 91.792 91.614 91.436 91.257 91.079 90.900 90.722 90.543 90.365 90.187 90.008 89.830 89.651 89.473 89.294 89.116 88.938 88.759 88.581 88.402 88.224 88.045 87.867 87.689 87.510 87.332
99.822 99.644 99.466 99.288 99.110 98.931 98.753 98.575 98.397 98.219 98.041 97.863 97.685 97.507 97.329 97.150 96.972 96.794 96.616 96.438 96.260 96.082 95.904 95.726 95.548 95.369 95.191 95.013 94.835 94.657 94.479 94.301 94.123 93.945 93.767 93.589 93.410 93.232 93.054 92.876 92.698 92.520 92.342 92.164 91.986 91.808 91.629 91.451 91.273 91.095 90.917 90.739 90.561 90.383 90.205 90.027 89.848 89.670 89.492 89.314 89.136 88.958 88.780 88.602 88.424 88.246 88.068 87.889 87.711 87.533 87.355
99.822 99.644 99.467 99.289 99.111 98.933 98.756 98.578 98.400 98.222 98.045 97.867 97.689 97.511 97.334 97.156 96.978 96.800 96.622 96.445 96.267 96.089 95.911 95.734 95.556 95.378 95.200 95.023 94.845 94.667 94.489 94.311 94.134 93.956 93.778 93.600 93.423 93.245 93.067 92.889 92.712 92.534 92.356 92.178 92.001 91.823 91.645 91.467 91.289 91.112 90.934 90.756 90.578 90.401 90.223 90.045 89.867 89.690 89.512 89.334 89.156 88.979 88.801 88.623 88.445 88.267 88.090 87.912 87.734 87.556 87.379
99.823 99.645 99.468 99.290 99.113 98.935 98.758 98.581 98.403 98.226 98.048 97.871 97.693 97.516 97.338 97.161 96.984 96.806 96.629 96.451 96.274 96.096 95.919 95.742 95.564 95.387 95.209 95.032 94.854 94.677 94.500 94.322 94.145 93.967 93.790 93.612 93.435 93.258 93.080 92.903 92.725 92.548 92.370 92.193 92.015 91.838 91.661 91.483 91.306 91.128 90.951 90.773 90.596 90.419 90.241 90.064 89.886 89.709 89.531 89.354 89.177 88.999 88.822 88.644 88.467 88.289 88.112 87.934 87.757 87.580 87.402
99.823 99.646 99.469 99.292 99.114 98.937 98.760 98.583 98.406 98.229 98.052 97.875 97.698 97.521 97.343 97.166 96.989 96.812 96.635 96.458 96.281 96.104 95.927 95.750 95.572 95.395 95.218 95.041 94.864 94.687 94.510 94.333 94.156 93.979 93.801 93.624 93.447 93.270 93.093 92.916 92.739 92.562 92.385 92.208 92.030 91.853 91.676 91.499 91.322 91.145 90.968 90.791 90.614 90.436 90.259 90.082 89.905 89.728 89.551 89.374 89.197 89.020 88.843 88.665 88.488 88.311 88.134 87.957 87.780 87.603 87.426
99.823 99.646 99.470 99.293 99.116 98.939 98.763 98.586 98.409 98.232 98.056 97.879 97.702 97.525 97.348 97.172 96.995 96.818 96.641 96.465 96.288 96.111 95.934 95.758 95.581 95.404 95.227 95.050 94.874 94.697 94.520 94.343 94.167 93.990 93.813 93.636 93.460 93.283 93.106 92.929 92.752 92.576 92.399 92.222 92.045 91.869 91.692 91.515 91.338 91.161 90.985 90.808 90.631 90.454 90.278 90.101 89.924 89.747 89.571 89.394 89.217 89.040 88.863 88.687 88.510 88.333 88.156 87.980 87.803 87.626 87.449
99.824 99.647 99.471 99.294 99.118 98.941 98.765 98.588 98.412 98.236 98.059 97.883 97.706 97.530 97.353 97.177 97.001 96.824 96.648 96.471 96.295 96.118 95.942 95.765 95.589 95.413 95.236 95.060 94.883 94.707 94.530 94.354 94.178 94.001 93.825 93.648 93.472 93.295 93.119 92.942 92.766 92.590 92.413 92.237 92.060 91.884 91.707 91.531 91.355 91.178 91.002 90.825 90.649 90.472 90.296 90.119 89.943 89.767 89.590 89.414 89.237 89.061 88.884 88.708 88.532 88.355 88.179 88.002 87.826 87.649 87.473
99.823 99.647 99.470 99.294 99.117 98.941 98.764 98.588 98.411 98.235 98.058 97.881 97.705 97.528 97.352 97.175 96.999 96.822 96.646 96.469 96.292 96.116 95.939 95.763 95.586 95.410 95.233 95.057 94.880 94.704 94.527 94.350 94.174 93.997 93.821 93.644 93.468 93.291 93.115 92.938 92.762 92.585 92.408 92.232 92.055 91.879 91.702 91.526 91.349 91.173 90.996 90.819 90.643 90.466 90.290 90.113 89.937 89.760 89.584 89.407 89.231 89.054 88.877 88.701 88.524 88.348 88.171 87.995 87.818 87.642 87.465
99.823 99.646 99.469 99.292 99.116 98.939 98.762 98.585 98.408 98.231 98.054 97.877 97.701 97.524 97.347 97.170 96.993 96.816 96.639 96.462 96.286 96.109 95.932 95.755 95.578 95.401 95.224 95.047 94.870 94.694 94.517 94.340 94.163 93.986 93.809 93.632 93.455 93.279 93.102 92.925 92.748 92.571 92.394 92.217 92.040 91.863 91.687 91.510 91.333 91.156 90.979 90.802 90.625 90.448 90.272 90.095 89.918 89.741 89.564 89.387 89.210 89.033 88.857 88.680 88.503 88.326 88.149 87.972 87.795 87.618 87.441
99.823 99.646 99.468 99.291 99.114 98.937 98.760 98.582 98.405 98.228 98.051 97.873 97.696 97.519 97.342 97.165 96.987 96.810 96.633 96.456 96.279 96.101 95.924 95.747 95.570 95.392 95.215 95.038 94.861 94.684 94.506 94.329 94.152 93.975 93.798 93.620 93.443 93.266 93.089 92.911 92.734 92.557 92.380 92.203 92.025 91.848 91.671 91.494 91.317 91.139 90.962 90.785 90.608 90.431 90.253 90.076 89.899 89.722 89.544 89.367 89.190 89.013 88.836 88.658 88.481 88.304 88.127 87.950 87.772 87.595 87.418
99.822 99.645 99.467 99.290 99.112 98.935 98.757 98.580 98.402 98.225 98.047 97.869 97.692 97.514 97.337 97.159 96.982 96.804 96.627 96.449 96.272 96.094 95.916 95.739 95.561 95.384 95.206 95.029 94.851 94.674 94.496 94.319 94.141 93.963 93.786 93.608 93.431 93.253 93.076 92.898 92.721 92.543 92.366 92.188 92.010 91.833 91.655 91.478 91.300 91.123 90.945 90.768 90.590 90.413 90.235 90.057 89.880 89.702 89.525 89.347 89.170 88.992 88.815 88.637 88.460 88.282 88.105 87.927 87.749 87.572 87.394
99.822 99.644 99.466 99.288 99.111 98.933 98.755 98.577 98.399 98.221 98.043 97.865 97.688 97.510 97.332 97.154 96.976 96.798 96.620 96.442 96.265 96.087 95.909 95.731 95.553 95.375 95.197 95.019 94.842 94.664 94.486 94.308 94.130 93.952 93.774 93.596 93.419 93.241 93.063 92.885 92.707 92.529 92.351 92.173 91.996 91.818 91.640 91.462 91.284 91.106 90.928 90.750 90.573 90.395 90.217 90.039 89.861 89.683 89.505 89.327 89.150 88.972 88.794 88.616 88.438 88.260 88.082 87.904 87.727 87.549 87.371
99.822 99.644 99.465 99.287 99.109 98.931 98.753 98.574 98.396 98.218 98.040 97.862 97.683 97.505 97.327 97.149 96.970 96.792 96.614 96.436 96.258 96.079 95.901 95.723 95.545 95.367 95.188 95.010 94.832 94.654 94.476 94.297 94.119 93.941 93.763 93.585 93.406 93.228 93.050 92.872 92.694 92.515 92.337 92.159 91.981 91.802 91.624 91.446 91.268 91.090 90.911 90.733 90.555 90.377 90.199 90.020 89.842 89.664 89.486 89.308 89.129 88.951 88.773 88.595 88.417 88.238 88.060 87.882 87.704 87.526 87.347
99.821 99.643 99.464 99.286 99.107 98.929 98.750 98.572 98.393 98.215 98.036 97.858 97.679 97.500 97.322 97.143 96.965 96.786 96.608 96.429 96.251 96.072 95.894 95.715 95.537 95.358 95.180 95.001 94.822 94.644 94.465 94.287 94.108 93.930 93.751 93.573 93.394 93.216 93.037 92.859 92.680 92.501 92.323 92.144 91.966 91.787 91.609 91.430 91.252 91.073 90.895 90.716 90.538 90.359 90.180 90.002 89.823 89.645 89.466 89.288 89.109 88.931 88.752 88.574 88.395 88.217 88.038 87.859 87.681 87.502 87.324
99.821 99.642 99.463 99.285 99.106 98.927 98.748 98.569 98.390 98.211 98.032 97.854 97.675 97.496 97.317 97.138 96.959 96.780 96.602 96.423 96.244 96.065 95.886 95.707 95.528 95.349 95.171 94.992 94.813 94.634 94.455 94.276 94.097 93.919 93.740 93.561 93.382 93.203 93.024 92.845 92.666 92.488 92.309 92.130 91.951 91.772 91.593 91.414 91.236 91.057 90.878 90.699 90.520 90.341 90.162 89.983 89.805 89.626 89.447 89.268 89.089 88.910 88.731 88.553 88.374 88.195 88.016 87.837 87.658 87.479 87.300
99.821 99.642 99.462 99.283 99.104 98.925 98.746 98.566 98.387 98.208 98.029 97.850 97.670 97.491 97.312 97.133 96.954 96.774 96.595 96.416 96.237 96.058 95.879 95.699 95.520 95.341 95.162 94.983 94.803 94.624 94.445 94.266 94.087 93.907 93.728 93.549 93.370 93.191 93.011 92.832 92.653 92.474 92.295 92.115 91.936 91.757 91.578 91.399 91.219 91.040 90.861 90.682 90.503 90.323 90.144 89.965 89.786 89.607 89.428 89.248 89.069 88.890 88.711 88.532 88.352 88.173 87.994 87.815 87.636 87.456 87.277
99.820 99.641 99.461 99.282 99.102 98.923 98.743 98.564 98.384 98.205 98.025 97.846 97.666 97.487 97.307 97.128 96.948 96.769 96.589 96.410 96.230 96.051 95.871 95.691 95.512 95.332 95.153 94.973 94.794 94.614 94.435 94.255 94.076 93.896 93.717 93.537 93.358 93.178 92.999 92.819 92.640 92.460 92.281 92.101 91.922 91.742 91.562 91.383 91.203 91.024 90.844 90.665 90.485 90.306 90.126 89.947 89.767 89.588 89.408 89.229 89.049 88.870 88.690 88.511 88.331 88.152 87.972 87.792 87.613 87.433 87.254
99.820 99.640 99.460 99.281 99.101 98.921 98.741 98.561 98.381 98.202 98.022 97.842 97.662 97.482 97.302 97.122 96.943 96.763 96.583 96.403 96.223 96.043 95.863 95.684 95.504 95.324 95.144 94.964 94.784 94.605 94.425 94.245 94.065 93.885 93.705 93.525 93.346 93.166 92.986 92.806 92.626 92.446 92.267 92.087 91.907 91.727 91.547 91.367 91.187 91.008 90.828 90.648 90.468 90.288 90.108 89.928 89.749 89.569 89.389 89.209 89.029 88.849 88.670 88.490 88.310 88.130 87.950 87.770 87.590 87.411 87.231
99.820 99.640 99.459 99.279 99.099 98.919 98.739 98.559 98.378 98.198 98.018 97.838 97.658 97.478 97.297 97.117 96.937 96.757 96.577 96.397 96.216 96.036 95.856 95.676 95.496 95.315 95.135 94.955 94.775 94.595 94.415 94.234 94.054 93.874 93.694 93.514 93.334 93.153 92.973 92.793 92.613 92.433 92.253 92.072 91.892 91.712 91.532 91.352 91.172 90.991 90.811 90.631 90.451 90.271 90.090 89.910 89.730 89.550 89.370 89.190 89.009 88.829 88.649 88.469 88.289 88.109 87.928 87.748 87.568 87.388 87.208
99.820 99.639 99.459 99.278 99.098 98.917 98.737 98.556 98.376 98.195 98.015 97.834 97.654 97.473 97.293 97.112 96.932 96.751 96.571 96.390 96.210 96.029 95.849 95.668 95.488 95.307 95.127 94.946 94.766 94.585 94.405 94.224 94.044 93.863 93.683 93.502 93.322 93.141 92.961 92.780 92.600 92.419 92.239 92.058 91.878 91.697 91.517 91.336 91.156 90.975 90.795 90.614 90.434 90.253 90.073 89.892 89.712 89.531 89.351 89.170 88.990 88.809 88.629 88.448 88.268 88.087 87.907 87.726 87.546 87.365 87.185
99.819 99.638 99.458 99.277 99.096 98.915 98.734 98.553 98.373 98.192 98.011 97.830 97.649 97.469 97.288 97.107 96.926 96.745 96.564 96.384 96.203 96.022 95.841 95.660 95.480 95.299 95.118 94.937 94.756 94.575 94.395 94.214 94.033 93.852 93.671 93.491 93.310 93.129 92.948 92.767 92.586 92.406 92.225 92.044 91.863 91.682 91.501 91.321 91.140 90.959 90.778 90.597 90.417 90.236 90.055 89.874 89.693 89.512 89.332 89.151 88.970 88.789 88.608 88.428 88.247 88.066 87.885 87.704 87.523 87.343 87.162
99.819 99.638 99.457 99.275 99.094 98.913 98.732 98.551 98.370 98.189 98.007 97.826 97.645 97.464 97.283 97.102 96.921 96.739 96.558 96.377 96.196 96.015 95.834 95.653 95.472 95.290 95.109 94.928 94.747 94.566 94.385 94.204 94.022 93.841 93.660 93.479 93.298 93.117 92.936 92.754 92.573 92.392 92.211 92.030 91.849 91.668 91.486 91.305 91.124 90.943 90.762 90.581 90.400 90.218 90.037 89.856 89.675 89.494 89.313 89.132 88.950 88.769 88.588 88.407 88.226 88.045 87.864 87.682 87.501 87.320 87.139
99.819 99.637 99.456 99.274 99.093 98.911 98.730 98.548 98.367 98.185 98.004 97.822 97.641 97.460 97.278 97.097 96.915 96.734 96.552 96.371 96.189 96.008 95.826 95.645 95.464 95.282 95.101 94.919 94.738 94.556 94.375 94.193 94.012 93.830 93.649 93.467 93.286 93.105 92.923 92.742 92.560 92.379 92.197 92.016 91.834 91.653 91.471 91.290 91.109 90.927 90.746 90.564 90.383 90.201 90.020 89.838 89.657 89.475 89.294 89.112 88.931 88.750 88.568 88.387 88.205 88.024 87.842 87.661 87.479 87.298 87.116
99.818 99.636 99.455 99.273 99.091 98.909 98.728 98.546 98.364 98.182 98.000 97.819 97.637 97.455 97.273 97.092 96.910 96.728 96.546 96.364 96.183 96.001 95.819 95.637 95.456 95.274 95.092 94.910 94.729 94.547 94.365 94.183 94.001 93.820 93.638 93.456 93.274 93.093 92.911 92.729 92.547 92.365 92.184 92.002 91.820 91.638 91.457 91.275 91.093 90.911 90.729 90.548 90.366 90.184 90.002 89.821 89.639 89.457 89.275 89.093 88.912 88.730 88.548 88.366 88.185 88.003 87.821 87.639 87.457 87.276 87.094
99.818 99.636 99.454 99.272 99.090 98.907 98.725 98.543 98.361 98.179 97.997 97.815 97.633 97.451 97.269 97.087 96.904 96.722 96.540 96.358 96.176 95.994 95.812 95.630 95.448 95.266 95.084 94.901 94.719 94.537 94.355 94.173 93.991 93.809 93.627 93.445 93.263 93.081 92.898 92.716 92.534 92.352 92.170 91.988 91.806 91.624 91.442 91.260 91.078 90.895 90.713 90.531 90.349 90.167 89.985 89.803 89.621 89.439 89.257 89.075 88.892 88.710 88.528 88.346 88.164 87.982 87.800 87.618 87.436 87.254 87.072
