in/simple_fast_with_spit/two_bays.asc
ncols	250
nrows	500
xllcorner	1.000
yllcorner	1.000
cellsize	1.000
NODATA_value	-9999.000
[rows 0 to 31 of 500, columns 142 to 212 of 250]
74.785 74.609 74.433 74.256 74.080 73.904 73.727 73.551 73.375 73.198 73.022 72.846 72.669 72.493 72.317 72.140 71.964 71.788 71.611 71.435 71.259 71.082 70.906 70.730 70.553 70.377 70.201 70.024 69.848 69.672 69.495 69.319 69.143 68.966 68.790 68.614 68.437 68.261 68.085 67.908 67.732 67.556 67.380 67.203 67.027 66.851 66.674 66.498 66.322 66.145 65.969 65.793 65.616 65.440 65.264 65.087 64.911 64.735 64.558 64.382 64.206 64.029 63.853 63.677 63.500 63.324 63.148 62.971 62.795 62.619 62.442
74.738 74.561 74.384 74.208 74.031 73.854 73.678 73.501 73.324 73.148 72.971 72.794 72.618 72.441 72.264 72.088 71.911 71.735 71.558 71.381 71.205 71.028 70.851 70.675 70.498 70.321 70.145 69.968 69.791 69.615 69.438 69.261 69.085 68.908 68.731 68.555 68.378 68.201 68.025 67.848 67.671 67.495 67.318 67.141 66.965 66.788 66.611 66.435 66.258 66.081 65.905 65.728 65.551 65.375 65.198 65.021 64.845 64.668 64.491 64.315 64.138 63.961 63.785 63.608 63.432 63.255 63.078 62.902 62.725 62.548 62.372
74.690 74.513 74.336 74.159 73.982 73.805 73.628 73.451 73.274 73.097 72.920 72.743 72.566 72.389 72.212 72.035 71.858 71.681 71.504 71.327 71.150 70.973 70.796 70.619 70.442 70.265 70.088 69.911 69.734 69.557 69.380 69.203 69.026 68.849 68.672 68.496 68.319 68.142 67.965 67.788 67.611 67.434 67.257 67.080 66.903 66.726 66.549 66.372 66.195 66.018 65.841 65.664 65.487 65.310 65.133 64.956 64.779 64.602 64.425 64.248 64.071 63.894 63.717 63.540 63.363 63.186 63.009 62.832 62.655 62.478 62.301
74.643 74.465 74.288 74.111 73.933 73.756 73.579 73.401 73.224 73.047 72.869 72.692 72.515 72.338 72.160 71.983 71.806 71.628 71.451 71.274 71.096 70.919 70.742 70.564 70.387 70.210 70.032 69.855 69.678 69.500 69.323 69.146 68.968 68.791 68.614 68.436 68.259 68.082 67.904 67.727 67.550 67.372 67.195 67.018 66.840 66.663 66.486 66.309 66.131 65.954 65.777 65.599 65.422 65.245 65.067 64.890 64.713 64.535 64.358 64.181 64.003 63.826 63.649 63.471 63.294 63.117 62.939 62.762 62.585 62.407 62.230
74.595 74.418 74.240 74.062 73.885 73.707 73.529 73.352 73.174 72.996 72.819 72.641 72.463 72.286 72.108 71.930 71.753 71.575 71.398 71.220 71.042 70.865 70.687 70.509 70.332 70.154 69.976 69.799 69.621 69.443 69.266 69.088 68.910 68.733 68.555 68.377 68.200 68.022 67.844 67.667 67.489 67.311 67.134 66.956 66.778 66.601 66.423 66.246 66.068 65.890 65.713 65.535 65.357 65.180 65.002 64.824 64.647 64.469 64.291 64.114 63.936 63.758 63.581 63.403 63.225 63.048 62.870 62.692 62.515 62.337 62.159
74.548 74.370 74.192 74.014 73.836 73.658 73.480 73.302 73.124 72.946 72.768 72.590 72.412 72.234 72.056 71.878 71.700 71.522 71.344 71.166 70.988 70.810 70.632 70.454 70.276 70.098 69.920 69.742 69.564 69.386 69.208 69.030 68.852 68.674 68.496 68.318 68.140 67.962 67.784 67.606 67.428 67.251 67.073 66.895 66.717 66.539 66.361 66.183 66.005 65.827 65.649 65.471 65.293 65.115 64.937 64.759 64.581 64.403 64.225 64.047 63.869 63.691 63.513 63.335 63.157 62.979 62.801 62.623 62.445 62.267 62.089
74.501 74.322 74.144 73.966 73.787 73.609 73.431 73.252 73.074 72.896 72.718 72.539 72.361 72.183 72.004 71.826 71.648 71.469 71.291 71.113 70.934 70.756 70.578 70.399 70.221 70.043 69.864 69.686 69.508 69.329 69.151 68.973 68.795 68.616 68.438 68.260 68.081 67.903 67.725 67.546 67.368 67.190 67.011 66.833 66.655 66.476 66.298 66.120 65.941 65.763 65.585 65.407 65.228 65.050 64.872 64.693 64.515 64.337 64.158 63.980 63.802 63.623 63.445 63.267 63.088 62.910 62.732 62.553 62.375 62.197 62.018
74.454 74.275 74.096 73.918 73.739 73.560 73.382 73.203 73.024 72.846 72.667 72.488 72.310 72.131 71.952 71.774 71.595 71.417 71.238 71.059 70.881 70.702 70.523 70.345 70.166 69.987 69.809 69.630 69.451 69.273 69.094 68.915 68.737 68.558 68.380 68.201 68.022 67.844 67.665 67.486 67.308 67.129 66.950 66.772 66.593 66.414 66.236 66.057 65.878 65.700 65.521 65.343 65.164 64.985 64.807 64.628 64.449 64.271 64.092 63.913 63.735 63.556 63.377 63.199 63.020 62.841 62.663 62.484 62.306 62.127 61.948
74.406 74.227 74.048 73.870 73.691 73.512 73.333 73.154 72.975 72.796 72.617 72.438 72.259 72.080 71.901 71.722 71.543 71.364 71.185 71.006 70.827 70.648 70.469 70.290 70.111 69.932 69.753 69.574 69.395 69.216 69.037 68.858 68.679 68.500 68.321 68.142 67.963 67.784 67.605 67.426 67.247 67.068 66.889 66.710 66.532 66.353 66.174 65.995 65.816 65.637 65.458 65.279 65.100 64.921 64.742 64.563 64.384 64.205 64.026 63.847 63.668 63.489 63.310 63.131 62.952 62.773 62.594 62.415 62.236 62.057 61.878
74.360 74.180 74.001 73.822 73.642 73.463 73.284 73.104 72.925 72.746 72.566 72.387 72.208 72.029 71.849 71.670 71.491 71.311 71.132 70.953 70.773 70.594 70.415 70.236 70.056 69.877 69.698 69.518 69.339 69.160 68.980 68.801 68.622 68.443 68.263 68.084 67.905 67.725 67.546 67.367 67.187 67.008 66.829 66.649 66.470 66.291 66.112 65.932 65.753 65.574 65.394 65.215 65.036 64.856 64.677 64.498 64.319 64.139 63.960 63.781 63.601 63.422 63.243 63.063 62.884 62.705 62.525 62.346 62.167 61.988 61.808
74.313 74.133 73.954 73.774 73.594 73.415 73.235 73.055 72.876 72.696 72.516 72.337 72.157 71.978 71.798 71.618 71.439 71.259 71.079 70.900 70.720 70.541 70.361 70.181 70.002 69.822 69.642 69.463 69.283 69.103 68.924 68.744 68.565 68.385 68.205 68.026 67.846 67.666 67.487 67.307 67.128 66.948 66.768 66.589 66.409 66.229 66.050 65.870 65.690 65.511 65.331 65.152 64.972 64.792 64.613 64.433 64.253 64.074 63.894 63.715 63.535 63.355 63.176 62.996 62.816 62.637 62.457 62.277 62.098 61.918 61.739
74.266 74.086 73.906 73.726 73.546 73.366 73.186 73.006 72.827 72.647 72.467 72.287 72.107 71.927 71.747 71.567 71.387 71.207 71.027 70.847 70.667 70.487 70.307 70.127 69.947 69.767 69.587 69.407 69.227 69.047 68.867 68.688 68.508 68.328 68.148 67.968 67.788 67.608 67.428 67.248 67.068 66.888 66.708 66.528 66.348 66.168 65.988 65.808 65.628 65.448 65.268 65.088 64.908 64.728 64.548 64.369 64.189 64.009 63.829 63.649 63.469 63.289 63.109 62.929 62.749 62.569 62.389 62.209 62.029 61.849 61.669
74.220 74.039 73.859 73.679 73.499 73.318 73.138 72.958 72.777 72.597 72.417 72.237 72.056 71.876 71.696 71.516 71.335 71.155 70.975 70.794 70.614 70.434 70.254 70.073 69.893 69.713 69.532 69.352 69.172 68.992 68.811 68.631 68.451 68.270 68.090 67.910 67.730 67.549 67.369 67.189 67.008 66.828 66.648 66.468 66.287 66.107 65.927 65.747 65.566 65.386 65.206 65.025 64.845 64.665 64.485 64.304 64.124 63.944 63.763 63.583 63.403 63.223 63.042 62.862 62.682 62.501 62.321 62.141 61.961 61.780 61.600
74.174 73.993 73.812 73.632 73.451 73.271 73.090 72.909 72.729 72.548 72.367 72.187 72.006 71.826 71.645 71.464 71.284 71.103 70.923 70.742 70.561 70.381 70.200 70.020 69.839 69.658 69.478 69.297 69.117 68.936 68.755 68.575 68.394 68.214 68.033 67.852 67.672 67.491 67.311 67.130 66.949 66.769 66.588 66.408 66.227 66.046 65.866 65.685 65.505 65.324 65.143 64.963 64.782 64.601 64.421 64.240 64.060 63.879 63.698 63.518 63.337 63.157 62.976 62.795 62.615 62.434 62.254 62.073 61.892 61.712 61.531
74.128 73.947 73.766 73.585 73.404 73.223 73.042 72.861 72.680 72.499 72.318 72.137 71.956 71.775 71.595 71.414 71.233 71.052 70.871 70.690 70.509 70.328 70.147 69.966 69.785 69.604 69.423 69.243 69.062 68.881 68.700 68.519 68.338 68.157 67.976 67.795 67.614 67.433 67.252 67.071 66.890 66.710 66.529 66.348 66.167 65.986 65.805 65.624 65.443 65.262 65.081 64.900 64.719 64.538 64.358 64.177 63.996 63.815 63.634 63.453 63.272 63.091 62.910 62.729 62.548 62.367 62.186 62.005 61.825 61.644 61.463
74.082 73.901 73.719 73.538 73.357 73.176 72.994 72.813 72.632 72.451 72.269 72.088 71.907 71.726 71.544 71.363 71.182 71.001 70.819 70.638 70.457 70.276 70.094 69.913 69.732 69.551 69.369 69.188 69.007 68.826 68.644 68.463 68.282 68.101 67.919 67.738 67.557 67.376 67.194 67.013 66.832 66.651 66.469 66.288 66.107 65.926 65.744 65.563 65.382 65.201 65.019 64.838 64.657 64.476 64.294 64.113 63.932 63.751 63.569 63.388 63.207 63.026 62.844 62.663 62.482 62.301 62.120 61.938 61.757 61.576 61.395
74.036 73.855 73.673 73.492 73.310 73.128 72.947 72.765 72.584 72.402 72.221 72.039 71.857 71.676 71.494 71.313 71.131 70.950 70.768 70.587 70.405 70.223 70.042 69.860 69.679 69.497 69.316 69.134 68.952 68.771 68.589 68.408 68.226 68.045 67.863 67.681 67.500 67.318 67.137 66.955 66.774 66.592 66.411 66.229 66.047 65.866 65.684 65.503 65.321 65.140 64.958 64.776 64.595 64.413 64.232 64.050 63.869 63.687 63.506 63.324 63.142 62.961 62.779 62.598 62.416 62.235 62.053 61.871 61.690 61.508 61.327
73.991 73.809 73.627 73.445 73.263 73.082 72.900 72.718 72.536 72.354 72.172 71.990 71.808 71.627 71.445 71.263 71.081 70.899 70.717 70.535 70.353 70.172 69.990 69.808 69.626 69.444 69.262 69.080 68.898 68.716 68.535 68.353 68.171 67.989 67.807 67.625 67.443 67.261 67.080 66.898 66.716 66.534 66.352 66.170 65.988 65.806 65.624 65.443 65.261 65.079 64.897 64.715 64.533 64.351 64.169 63.988 63.806 63.624 63.442 63.260 63.078 62.896 62.714 62.533 62.351 62.169 61.987 61.805 61.623 61.441 61.259
73.946 73.764 73.582 73.399 73.217 73.035 72.853 72.671 72.488 72.306 72.124 71.942 71.760 71.578 71.395 71.213 71.031 70.849 70.667 70.484 70.302 70.120 69.938 69.756 69.573 69.391 69.209 69.027 68.845 68.662 68.480 68.298 68.116 67.934 67.751 67.569 67.387 67.205 67.023 66.840 66.658 66.476 66.294 66.112 65.929 65.747 65.565 65.383 65.201 65.018 64.836 64.654 64.472 64.290 64.107 63.925 63.743 63.561 63.379 63.197 63.014 62.832 62.650 62.468 62.286 62.103 61.921 61.739 61.557 61.375 61.192
73.901 73.719 73.536 73.354 73.171 72.989 72.806 72.624 72.441 72.259 72.076 71.894 71.711 71.529 71.346 71.164 70.981 70.799 70.616 70.434 70.251 70.069 69.886 69.704 69.521 69.339 69.156 68.974 68.791 68.609 68.426 68.244 68.061 67.879 67.696 67.514 67.331 67.149 66.966 66.784 66.601 66.419 66.236 66.054 65.871 65.689 65.506 65.324 65.141 64.958 64.776 64.593 64.411 64.228 64.046 63.863 63.681 63.498 63.316 63.133 62.951 62.768 62.586 62.403 62.221 62.038 61.856 61.673 61.491 61.308 61.126
73.857 73.674 73.491 73.309 73.126 72.943 72.760 72.577 72.394 72.212 72.029 71.846 71.663 71.480 71.298 71.115 70.932 70.749 70.566 70.383 70.201 70.018 69.835 69.652 69.469 69.287 69.104 68.921 68.738 68.555 68.372 68.190 68.007 67.824 67.641 67.458 67.276 67.093 66.910 66.727 66.544 66.361 66.179 65.996 65.813 65.630 65.447 65.265 65.082 64.899 64.716 64.533 64.350 64.168 63.985 63.802 63.619 63.436 63.254 63.071 62.888 62.705 62.522 62.339 62.157 61.974 61.791 61.608 61.425 61.243 61.060
73.813 73.630 73.447 73.264 73.080 72.897 72.714 72.531 72.348 72.165 71.982 71.799 71.615 71.432 71.249 71.066 70.883 70.700 70.517 70.334 70.150 69.967 69.784 69.601 69.418 69.235 69.052 68.869 68.685 68.502 68.319 68.136 67.953 67.770 67.587 67.404 67.220 67.037 66.854 66.671 66.488 66.305 66.122 65.939 65.755 65.572 65.389 65.206 65.023 64.840 64.657 64.474 64.290 64.107 63.924 63.741 63.558 63.375 63.192 63.009 62.825 62.642 62.459 62.276 62.093 61.910 61.727 61.544 61.360 61.177 60.994
73.769 73.586 73.402 73.219 73.036 72.852 72.669 72.485 72.302 72.118 71.935 71.752 71.568 71.385 71.201 71.018 70.834 70.651 70.468 70.284 70.101 69.917 69.734 69.550 69.367 69.184 69.000 68.817 68.633 68.450 68.266 68.083 67.900 67.716 67.533 67.349 67.166 66.982 66.799 66.616 66.432 66.249 66.065 65.882 65.698 65.515 65.331 65.148 64.965 64.781 64.598 64.414 64.231 64.047 63.864 63.681 63.497 63.314 63.130 62.947 62.763 62.580 62.397 62.213 62.030 61.846 61.663 61.479 61.296 61.113 60.929
73.726 73.542 73.359 73.175 72.991 72.807 72.624 72.440 72.256 72.072 71.889 71.705 71.521 71.337 71.154 70.970 70.786 70.603 70.419 70.235 70.051 69.868 69.684 69.500 69.316 69.133 68.949 68.765 68.581 68.398 68.214 68.030 67.847 67.663 67.479 67.295 67.112 66.928 66.744 66.560 66.377 66.193 66.009 65.825 65.642 65.458 65.274 65.090 64.907 64.723 64.539 64.356 64.172 63.988 63.804 63.621 63.437 63.253 63.069 62.886 62.702 62.518 62.334 62.151 61.967 61.783 61.600 61.416 61.232 61.048 60.865
73.683 73.499 73.315 73.131 72.947 72.763 72.579 72.395 72.211 72.027 71.843 71.659 71.475 71.291 71.107 70.923 70.739 70.554 70.370 70.186 70.002 69.818 69.634 69.450 69.266 69.082 68.898 68.714 68.530 68.346 68.162 67.978 67.794 67.610 67.426 67.242 67.058 66.874 66.690 66.506 66.322 66.138 65.954 65.770 65.586 65.402 65.217 65.033 64.849 64.665 64.481 64.297 64.113 63.929 63.745 63.561 63.377 63.193 63.009 62.825 62.641 62.457 62.273 62.089 61.905 61.721 61.537 61.353 61.169 60.985 60.801
73.641 73.456 73.272 73.088 72.903 72.719 72.535 72.350 72.166 71.982 71.797 71.613 71.429 71.244 71.060 70.876 70.691 70.507 70.323 70.138 69.954 69.770 69.585 69.401 69.217 69.032 68.848 68.664 68.479 68.295 68.111 67.926 67.742 67.558 67.373 67.189 67.005 66.820 66.636 66.452 66.267 66.083 65.899 65.714 65.530 65.346 65.161 64.977 64.793 64.608 64.424 64.240 64.055 63.871 63.687 63.502 63.318 63.134 62.949 62.765 62.581 62.396 62.212 62.028 61.843 61.659 61.475 61.290 61.106 60.922 60.737
73.598 73.414 73.229 73.044 72.860 72.675 72.491 72.306 72.121 71.937 71.752 71.567 71.383 71.198 71.014 70.829 70.644 70.460 70.275 70.090 69.906 69.721 69.537 69.352 69.167 68.983 68.798 68.613 68.429 68.244 68.060 67.875 67.690 67.506 67.321 67.136 66.952 66.767 66.583 66.398 66.213 66.029 65.844 65.659 65.475 65.290 65.106 64.921 64.736 64.552 64.367 64.182 63.998 63.813 63.629 63.444 63.259 63.075 62.890 62.705 62.521 62.336 62.152 61.967 61.782 61.598 61.413 61.228 61.044 60.859 60.674
73.557 73.372 73.187 73.002 72.817 72.632 72.447 72.262 72.077 71.892 71.707 71.523 71.338 71.153 70.968 70.783 70.598 70.413 70.228 70.043 69.858 69.673 69.488 69.304 69.119 68.934 68.749 68.564 68.379 68.194 68.009 67.824 67.639 67.454 67.269 67.085 66.900 66.715 66.530 66.345 66.160 65.975 65.790 65.605 65.420 65.235 65.050 64.865 64.681 64.496 64.311 64.126 63.941 63.756 63.571 63.386 63.201 63.016 62.831 62.646 62.462 62.277 62.092 61.907 61.722 61.537 61.352 61.167 60.982 60.797 60.612
73.515 73.330 73.145 72.960 72.775 72.589 72.404 72.219 72.034 71.849 71.663 71.478 71.293 71.108 70.922 70.737 70.552 70.367 70.182 69.996 69.811 69.626 69.441 69.256 69.070 68.885 68.700 68.515 68.330 68.144 67.959 67.774 67.589 67.404 67.218 67.033 66.848 66.663 66.477 66.292 66.107 65.922 65.737 65.551 65.366 65.181 64.996 64.811 64.625 64.440 64.255 64.070 63.885 63.699 63.514 63.329 63.144 62.959 62.773 62.588 62.403 62.218 62.033 61.847 61.662 61.477 61.292 61.106 60.921 60.736 60.551
73.475 73.289 73.104 72.918 72.733 72.547 72.362 72.176 71.991 71.805 71.620 71.434 71.249 71.063 70.878 70.692 70.507 70.321 70.136 69.950 69.765 69.579 69.394 69.208 69.023 68.837 68.652 68.466 68.281 68.095 67.910 67.724 67.539 67.353 67.168 66.982 66.797 66.611 66.426 66.240 66.055 65.869 65.684 65.498 65.313 65.127 64.942 64.756 64.571 64.385 64.200 64.014 63.829 63.643 63.458 63.272 63.087 62.901 62.716 62.530 62.345 62.159 61.974 61.788 61.603 61.418 61.232 61.047 60.861 60.676 60.490
73.434 73.248 73.063 72.877 72.691 72.505 72.320 72.134 71.948 71.762 71.576 71.391 71.205 71.019 70.833 70.648 70.462 70.276 70.090 69.904 69.719 69.533 69.347 69.161 68.976 68.790 68.604 68.418 68.232 68.047 67.861 67.675 67.489 67.304 67.118 66.932 66.746 66.560 66.375 66.189 66.003 65.817 65.632 65.446 65.260 65.074 64.889 64.703 64.517 64.331 64.145 63.960 63.774 63.588 63.402 63.217 63.031 62.845 62.659 62.473 62.288 62.102 61.916 61.730 61.545 61.359 61.173 60.987 60.801 60.616 60.430
73.394 73.208 73.022 72.836 72.650 72.464 72.278 72.092 71.906 71.720 71.534 71.348 71.162 70.976 70.790 70.603 70.417 70.231 70.045 69.859 69.673 69.487 69.301 69.115 68.929 68.743 68.557 68.371 68.185 67.999 67.813 67.627 67.441 67.254 67.068 66.882 66.696 66.510 66.324 66.138 65.952 65.766 65.580 65.394 65.208 65.022 64.836 64.650 64.464 64.278 64.092 63.906 63.719 63.533 63.347 63.161 62.975 62.789 62.603 62.417 62.231 62.045 61.859 61.673 61.487 61.301 61.115 60.929 60.743 60.557 60.371
