in/simple_fast_with_spit/two_bays.asc
ncols	250
nrows	500
xllcorner	1.000
yllcorner	1.000
cellsize	1.000
NODATA_value	-9999.000
[rows 416 to 447 of 500, columns 142 to 212 of 250]
72.264 72.070 71.876 71.682 71.488 71.294 71.100 70.906 70.712 70.518 70.324 70.130 69.936 69.743 69.549 69.355 69.161 68.967 68.773 68.579 68.385 68.191 67.997 67.803 67.609 67.415 67.221 67.027 66.833 66.639 66.445 66.251 66.057 65.863 65.669 65.475 65.281 65.088 64.894 64.700 64.506 64.312 64.118 63.924 63.730 63.536 63.342 63.148 62.954 62.760 62.566 62.372 62.178 61.984 61.790 61.596 61.402 61.208 61.014 60.820 60.626 60.433 60.239 60.045 59.851 59.657 59.463 59.269 59.075 58.881 58.687
72.264 72.070 71.876 71.682 71.488 71.294 71.100 70.906 70.712 70.518 70.324 70.130 69.936 69.742 69.548 69.354 69.160 68.967 68.773 68.579 68.385 68.191 67.997 67.803 67.609 67.415 67.221 67.027 66.833 66.639 66.445 66.251 66.057 65.863 65.669 65.475 65.281 65.087 64.893 64.699 64.505 64.311 64.118 63.924 63.730 63.536 63.342 63.148 62.954 62.760 62.566 62.372 62.178 61.984 61.790 61.596 61.402 61.208 61.014 60.820 60.626 60.432 60.238 60.044 59.850 59.656 59.462 59.269 59.075 58.881 58.687
72.265 72.071 71.877 71.683 71.489 71.295 71.101 70.907 70.713 70.519 70.325 70.131 69.937 69.743 69.549 69.355 69.161 68.967 68.773 68.579 68.385 68.192 67.998 67.804 67.610 67.416 67.222 67.028 66.834 66.640 66.446 66.252 66.058 65.864 65.670 65.476 65.282 65.088 64.894 64.700 64.506 64.312 64.118 63.925 63.731 63.537 63.343 63.149 62.955 62.761 62.567 62.373 62.179 61.985 61.791 61.597 61.403 61.209 61.015 60.821 60.627 60.433 60.239 60.045 59.851 59.658 59.464 59.270 59.076 58.882 58.688
72.266 72.072 71.878 71.684 71.490 71.296 71.103 70.909 70.715 70.521 70.327 70.133 69.939 69.745 69.551 69.357 69.163 68.969 68.775 68.581 68.387 68.193 67.999 67.806 67.612 67.418 67.224 67.030 66.836 66.642 66.448 66.254 66.060 65.866 65.672 65.478 65.284 65.090 64.896 64.702 64.508 64.315 64.121 63.927 63.733 63.539 63.345 63.151 62.957 62.763 62.569 62.375 62.181 61.987 61.793 61.599 61.405 61.211 61.018 60.824 60.630 60.436 60.242 60.048 59.854 59.660 59.466 59.272 59.078 58.884 58.690
72.269 72.075 71.881 71.687 71.493 71.299 71.105 70.911 70.717 70.523 70.329 70.136 69.942 69.748 69.554 69.360 69.166 68.972 68.778 68.584 68.390 68.196 68.002 67.808 67.615 67.421 67.227 67.033 66.839 66.645 66.451 66.257 66.063 65.869 65.675 65.481 65.287 65.094 64.900 64.706 64.512 64.318 64.124 63.930 63.736 63.542 63.348 63.154 62.960 62.766 62.572 62.379 62.185 61.991 61.797 61.603 61.409 61.215 61.021 60.827 60.633 60.439 60.245 60.051 59.858 59.664 59.470 59.276 59.082 58.888 58.694
72.272 72.078 71.884 71.690 71.497 71.303 71.109 70.915 70.721 70.527 70.333 70.139 69.945 69.751 69.558 69.364 69.170 68.976 68.782 68.588 68.394 68.200 68.006 67.812 67.619 67.425 67.231 67.037 66.843 66.649 66.455 66.261 66.067 65.873 65.680 65.486 65.292 65.098 64.904 64.710 64.516 64.322 64.128 63.934 63.741 63.547 63.353 63.159 62.965 62.771 62.577 62.383 62.189 61.995 61.802 61.608 61.414 61.220 61.026 60.832 60.638 60.444 60.250 60.056 59.863 59.669 59.475 59.281 59.087 58.893 58.699
72.276 72.083 71.889 71.695 71.501 71.307 71.113 70.919 70.726 70.532 70.338 70.144 69.950 69.756 69.562 69.368 69.175 68.981 68.787 68.593 68.399 68.205 68.011 67.817 67.624 67.430 67.236 67.042 66.848 66.654 66.460 66.267 66.073 65.879 65.685 65.491 65.297 65.103 64.909 64.716 64.522 64.328 64.134 63.940 63.746 63.552 63.358 63.165 62.971 62.777 62.583 62.389 62.195 62.001 61.807 61.614 61.420 61.226 61.032 60.838 60.644 60.450 60.257 60.063 59.869 59.675 59.481 59.287 59.093 58.899 58.706
72.282 72.088 71.894 71.700 71.506 71.313 71.119 70.925 70.731 70.537 70.343 70.150 69.956 69.762 69.568 69.374 69.180 68.987 68.793 68.599 68.405 68.211 68.017 67.824 67.630 67.436 67.242 67.048 66.854 66.661 66.467 66.273 66.079 65.885 65.691 65.498 65.304 65.110 64.916 64.722 64.528 64.335 64.141 63.947 63.753 63.559 63.365 63.172 62.978 62.784 62.590 62.396 62.202 62.009 61.815 61.621 61.427 61.233 61.039 60.845 60.652 60.458 60.264 60.070 59.876 59.682 59.489 59.295 59.101 58.907 58.713
72.288 72.094 71.900 71.706 71.513 71.319 71.125 70.931 70.737 70.544 70.350 70.156 69.962 69.769 69.575 69.381 69.187 68.993 68.800 68.606 68.412 68.218 68.024 67.831 67.637 67.443 67.249 67.055 66.862 66.668 66.474 66.280 66.086 65.893 65.699 65.505 65.311 65.118 64.924 64.730 64.536 64.342 64.149 63.955 63.761 63.567 63.373 63.180 62.986 62.792 62.598 62.404 62.211 62.017 61.823 61.629 61.435 61.242 61.048 60.854 60.660 60.467 60.273 60.079 59.885 59.691 59.498 59.304 59.110 58.916 58.722
72.295 72.101 71.907 71.714 71.520 71.326 71.132 70.939 70.745 70.551 70.357 70.164 69.970 69.776 69.582 69.389 69.195 69.001 68.807 68.614 68.420 68.226 68.032 67.839 67.645 67.451 67.258 67.064 66.870 66.676 66.483 66.289 66.095 65.901 65.708 65.514 65.320 65.126 64.933 64.739 64.545 64.351 64.158 63.964 63.770 63.576 63.383 63.189 62.995 62.801 62.608 62.414 62.220 62.026 61.833 61.639 61.445 61.251 61.058 60.864 60.670 60.477 60.283 60.089 59.895 59.702 59.508 59.314 59.120 58.927 58.733
72.303 72.109 71.915 71.722 71.528 71.334 71.141 70.947 70.753 70.559 70.366 70.172 69.978 69.785 69.591 69.397 69.204 69.010 68.816 68.623 68.429 68.235 68.042 67.848 67.654 67.460 67.267 67.073 66.879 66.686 66.492 66.298 66.105 65.911 65.717 65.524 65.330 65.136 64.943 64.749 64.555 64.361 64.168 63.974 63.780 63.587 63.393 63.199 63.006 62.812 62.618 62.425 62.231 62.037 61.844 61.650 61.456 61.262 61.069 60.875 60.681 60.488 60.294 60.100 59.907 59.713 59.519 59.326 59.132 58.938 58.745
72.311 72.118 71.924 71.731 71.537 71.343 71.150 70.956 70.762 70.569 70.375 70.182 69.988 69.794 69.601 69.407 69.213 69.020 68.826 68.633 68.439 68.245 68.052 67.858 67.664 67.471 67.277 67.084 66.890 66.696 66.503 66.309 66.115 65.922 65.728 65.535 65.341 65.147 64.954 64.760 64.566 64.373 64.179 63.986 63.792 63.598 63.405 63.211 63.017 62.824 62.630 62.437 62.243 62.049 61.856 61.662 61.468 61.275 61.081 60.887 60.694 60.500 60.307 60.113 59.919 59.726 59.532 59.338 59.145 58.951 58.758
72.321 72.128 71.934 71.740 71.547 71.353 71.160 70.966 70.773 70.579 70.385 70.192 69.998 69.805 69.611 69.418 69.224 69.031 68.837 68.643 68.450 68.256 68.063 67.869 67.676 67.482 67.289 67.095 66.901 66.708 66.514 66.321 66.127 65.934 65.740 65.547 65.353 65.159 64.966 64.772 64.579 64.385 64.192 63.998 63.804 63.611 63.417 63.224 63.030 62.837 62.643 62.450 62.256 62.062 61.869 61.675 61.482 61.288 61.095 60.901 60.708 60.514 60.320 60.127 59.933 59.740 59.546 59.353 59.159 58.966 58.772
72.332 72.138 71.945 71.751 71.558 71.364 71.171 70.977 70.784 70.590 70.397 70.203 70.010 69.816 69.623 69.429 69.236 69.042 68.849 68.655 68.462 68.268 68.075 67.881 67.688 67.494 67.301 67.107 66.914 66.721 66.527 66.334 66.140 65.947 65.753 65.560 65.366 65.173 64.979 64.786 64.592 64.399 64.205 64.012 63.818 63.625 63.431 63.238 63.044 62.851 62.657 62.464 62.270 62.077 61.883 61.690 61.496 61.303 61.109 60.916 60.722 60.529 60.336 60.142 59.949 59.755 59.562 59.368 59.175 58.981 58.788
72.343 72.150 71.956 71.763 71.569 71.376 71.183 70.989 70.796 70.602 70.409 70.216 70.022 69.829 69.635 69.442 69.248 69.055 68.862 68.668 68.475 68.281 68.088 67.895 67.701 67.508 67.314 67.121 66.928 66.734 66.541 66.347 66.154 65.961 65.767 65.574 65.380 65.187 64.994 64.800 64.607 64.413 64.220 64.027 63.833 63.640 63.446 63.253 63.060 62.866 62.673 62.479 62.286 62.092 61.899 61.706 61.512 61.319 61.125 60.932 60.739 60.545 60.352 60.158 59.965 59.772 59.578 59.385 59.191 58.998 58.805
72.355 72.162 71.969 71.775 71.582 71.389 71.195 71.002 70.809 70.615 70.422 70.229 70.035 69.842 69.649 69.455 69.262 69.069 68.875 68.682 68.489 68.296 68.102 67.909 67.716 67.522 67.329 67.136 66.942 66.749 66.556 66.362 66.169 65.976 65.782 65.589 65.396 65.202 65.009 64.816 64.622 64.429 64.236 64.042 63.849 63.656 63.463 63.269 63.076 62.883 62.689 62.496 62.303 62.109 61.916 61.723 61.529 61.336 61.143 60.949 60.756 60.563 60.369 60.176 59.983 59.789 59.596 59.403 59.209 59.016 58.823
72.368 72.175 71.982 71.789 71.595 71.402 71.209 71.016 70.823 70.629 70.436 70.243 70.050 69.856 69.663 69.470 69.277 69.083 68.890 68.697 68.504 68.311 68.117 67.924 67.731 67.538 67.344 67.151 66.958 66.765 66.572 66.378 66.185 65.992 65.799 65.605 65.412 65.219 65.026 64.832 64.639 64.446 64.253 64.060 63.866 63.673 63.480 63.287 63.093 62.900 62.707 62.514 62.320 62.127 61.934 61.741 61.548 61.354 61.161 60.968 60.775 60.581 60.388 60.195 60.002 59.809 59.615 59.422 59.229 59.036 58.842
72.382 72.189 71.996 71.803 71.610 71.417 71.224 71.030 70.837 70.644 70.451 70.258 70.065 69.872 69.678 69.485 69.292 69.099 68.906 68.713 68.520 68.327 68.133 67.940 67.747 67.554 67.361 67.168 66.975 66.782 66.588 66.395 66.202 66.009 65.816 65.623 65.430 65.236 65.043 64.850 64.657 64.464 64.271 64.078 63.885 63.691 63.498 63.305 63.112 62.919 62.726 62.533 62.340 62.146 61.953 61.760 61.567 61.374 61.181 60.988 60.794 60.601 60.408 60.215 60.022 59.829 59.636 59.443 59.249 59.056 58.863
72.397 72.204 72.011 71.818 71.625 71.432 71.239 71.046 70.853 70.660 70.467 70.274 70.081 69.888 69.695 69.502 69.309 69.116 68.923 68.730 68.537 68.344 68.151 67.958 67.765 67.571 67.378 67.185 66.992 66.799 66.606 66.413 66.220 66.027 65.834 65.641 65.448 65.255 65.062 64.869 64.676 64.483 64.290 64.097 63.904 63.711 63.518 63.325 63.132 62.939 62.746 62.553 62.360 62.167 61.974 61.781 61.588 61.395 61.202 61.009 60.816 60.623 60.429 60.236 60.043 59.850 59.657 59.464 59.271 59.078 58.885
72.413 72.220 72.027 71.834 71.641 71.448 71.255 71.062 70.869 70.677 70.484 70.291 70.098 69.905 69.712 69.519 69.326 69.133 68.940 68.747 68.554 68.362 68.169 67.976 67.783 67.590 67.397 67.204 67.011 66.818 66.625 66.432 66.239 66.047 65.854 65.661 65.468 65.275 65.082 64.889 64.696 64.503 64.310 64.117 63.924 63.732 63.539 63.346 63.153 62.960 62.767 62.574 62.381 62.188 61.995 61.802 61.609 61.417 61.224 61.031 60.838 60.645 60.452 60.259 60.066 59.873 59.680 59.487 59.294 59.102 58.909
72.429 72.237 72.044 71.851 71.658 71.465 71.273 71.080 70.887 70.694 70.501 70.309 70.116 69.923 69.730 69.537 69.345 69.152 68.959 68.766 68.573 68.381 68.188 67.995 67.802 67.609 67.417 67.224 67.031 66.838 66.645 66.453 66.260 66.067 65.874 65.681 65.488 65.296 65.103 64.910 64.717 64.524 64.332 64.139 63.946 63.753 63.560 63.368 63.175 62.982 62.789 62.596 62.404 62.211 62.018 61.825 61.632 61.440 61.247 61.054 60.861 60.668 60.476 60.283 60.090 59.897 59.704 59.512 59.319 59.126 58.933
72.447 72.254 72.061 71.869 71.676 71.483 71.291 71.098 70.905 70.713 70.520 70.327 70.135 69.942 69.749 69.557 69.364 69.171 68.978 68.786 68.593 68.400 68.208 68.015 67.822 67.630 67.437 67.244 67.052 66.859 66.666 66.474 66.281 66.088 65.896 65.703 65.510 65.318 65.125 64.932 64.739 64.547 64.354 64.161 63.969 63.776 63.583 63.391 63.198 63.005 62.813 62.620 62.427 62.235 62.042 61.849 61.657 61.464 61.271 61.079 60.886 60.693 60.501 60.308 60.115 59.922 59.730 59.537 59.344 59.152 58.959
72.465 72.272 72.080 71.887 71.695 71.502 71.310 71.117 70.924 70.732 70.539 70.347 70.154 69.962 69.769 69.577 69.384 69.191 68.999 68.806 68.614 68.421 68.229 68.036 67.844 67.651 67.459 67.266 67.073 66.881 66.688 66.496 66.303 66.111 65.918 65.726 65.533 65.340 65.148 64.955 64.763 64.570 64.378 64.185 63.993 63.800 63.607 63.415 63.222 63.030 62.837 62.645 62.452 62.260 62.067 61.874 61.682 61.489 61.297 61.104 60.912 60.719 60.527 60.334 60.141 59.949 59.756 59.564 59.371 59.179 58.986
72.484 72.291 72.099 71.907 71.714 71.522 71.329 71.137 70.945 70.752 70.560 70.367 70.175 69.982 69.790 69.598 69.405 69.213 69.020 68.828 68.636 68.443 68.251 68.058 67.866 67.673 67.481 67.289 67.096 66.904 66.711 66.519 66.326 66.134 65.942 65.749 65.557 65.364 65.172 64.980 64.787 64.595 64.402 64.210 64.017 63.825 63.633 63.440 63.248 63.055 62.863 62.670 62.478 62.286 62.093 61.901 61.708 61.516 61.324 61.131 60.939 60.746 60.554 60.361 60.169 59.977 59.784 59.592 59.399 59.207 59.014
72.504 72.311 72.119 71.927 71.735 71.542 71.350 71.158 70.965 70.773 70.581 70.389 70.196 70.004 69.812 69.620 69.427 69.235 69.043 68.850 68.658 68.466 68.274 68.081 67.889 67.697 67.504 67.312 67.120 66.928 66.735 66.543 66.351 66.158 65.966 65.774 65.582 65.389 65.197 65.005 64.812 64.620 64.428 64.236 64.043 63.851 63.659 63.467 63.274 63.082 62.890 62.697 62.505 62.313 62.121 61.928 61.736 61.544 61.351 61.159 60.967 60.775 60.582 60.390 60.198 60.005 59.813 59.621 59.429 59.236 59.044
72.524 72.332 72.140 71.948 71.756 71.564 71.372 71.179 70.987 70.795 70.603 70.411 70.219 70.027 69.834 69.642 69.450 69.258 69.066 68.874 68.682 68.490 68.297 68.105 67.913 67.721 67.529 67.337 67.145 66.952 66.760 66.568 66.376 66.184 65.992 65.800 65.607 65.415 65.223 65.031 64.839 64.647 64.455 64.262 64.070 63.878 63.686 63.494 63.302 63.110 62.918 62.725 62.533 62.341 62.149 61.957 61.765 61.573 61.380 61.188 60.996 60.804 60.612 60.420 60.228 60.035 59.843 59.651 59.459 59.267 59.075
72.546 72.354 72.162 71.970 71.778 71.586 71.394 71.202 71.010 70.818 70.626 70.434 70.242 70.050 69.858 69.666 69.474 69.282 69.090 68.898 68.706 68.514 68.322 68.130 67.938 67.746 67.554 67.362 67.170 66.978 66.786 66.594 66.402 66.210 66.018 65.826 65.634 65.442 65.250 65.058 64.866 64.674 64.482 64.290 64.098 63.906 63.714 63.522 63.330 63.138 62.946 62.754 62.562 62.371 62.179 61.987 61.795 61.603 61.411 61.219 61.027 60.835 60.643 60.451 60.259 60.067 59.875 59.683 59.491 59.299 59.107
72.568 72.376 72.184 71.993 71.801 71.609 71.417 71.225 71.033 70.842 70.650 70.458 70.266 70.074 69.882 69.691 69.499 69.307 69.115 68.923 68.731 68.540 68.348 68.156 67.964 67.772 67.580 67.389 67.197 67.005 66.813 66.621 66.429 66.238 66.046 65.854 65.662 65.470 65.278 65.087 64.895 64.703 64.511 64.319 64.127 63.936 63.744 63.552 63.360 63.168 62.976 62.785 62.593 62.401 62.209 62.017 61.825 61.634 61.442 61.250 61.058 60.866 60.675 60.483 60.291 60.099 59.907 59.715 59.524 59.332 59.140
72.591 72.399 72.208 72.016 71.824 71.633 71.441 71.249 71.058 70.866 70.674 70.483 70.291 70.099 69.908 69.716 69.524 69.333 69.141 68.949 68.758 68.566 68.374 68.183 67.991 67.799 67.608 67.416 67.224 67.033 66.841 66.649 66.458 66.266 66.074 65.883 65.691 65.499 65.308 65.116 64.924 64.733 64.541 64.349 64.158 63.966 63.774 63.583 63.391 63.199 63.008 62.816 62.624 62.433 62.241 62.049 61.858 61.666 61.474 61.283 61.091 60.899 60.708 60.516 60.324 60.133 59.941 59.749 59.557 59.366 59.174
72.615 72.423 72.232 72.040 71.849 71.657 71.466 71.274 71.083 70.891 70.700 70.508 70.317 70.125 69.934 69.742 69.551 69.359 69.168 68.976 68.785 68.593 68.402 68.210 68.019 67.827 67.636 67.444 67.253 67.061 66.870 66.678 66.487 66.295 66.104 65.912 65.721 65.529 65.338 65.146 64.955 64.763 64.572 64.380 64.189 63.997 63.806 63.614 63.423 63.231 63.040 62.848 62.657 62.465 62.274 62.082 61.891 61.699 61.508 61.316 61.125 60.933 60.742 60.550 60.359 60.167 59.976 59.784 59.593 59.401 59.210
72.639 72.448 72.257 72.065 71.874 71.683 71.491 71.300 71.109 70.917 70.726 70.535 70.343 70.152 69.961 69.769 69.578 69.387 69.195 69.004 68.813 68.622 68.430 68.239 68.048 67.856 67.665 67.474 67.282 67.091 66.900 66.708 66.517 66.326 66.134 65.943 65.752 65.560 65.369 65.178 64.986 64.795 64.604 64.412 64.221 64.030 63.838 63.647 63.456 63.264 63.073 62.882 62.690 62.499 62.308 62.116 61.925 61.734 61.542 61.351 61.160 60.968 60.777 60.586 60.394 60.203 60.012 59.820 59.629 59.438 59.246
72.665 72.474 72.283 72.091 71.900 71.709 71.518 71.327 71.136 70.944 70.753 70.562 70.371 70.180 69.989 69.797 69.606 69.415 69.224 69.033 68.842 68.651 68.459 68.268 68.077 67.886 67.695 67.504 67.312 67.121 66.930 66.739 66.548 66.357 66.166 65.974 65.783 65.592 65.401 65.210 65.019 64.827 64.636 64.445 64.254 64.063 63.872 63.681 63.489 63.298 63.107 62.916 62.725 62.534 62.342 62.151 61.960 61.769 61.578 61.387 61.196 61.004 60.813 60.622 60.431 60.240 60.049 59.857 59.666 59.475 59.284
